#VelPres
#it ||rU1||| ||rU2|| ||rMass||
1       4.18289189e-01       0.00000000e+00       1.67323658e-02
2       1.01563925e-01       1.15180960e-01       2.83855340e-02
3       3.78091008e-02       2.93384823e-02       1.67248655e-02
4       3.29587278e-02       4.33721287e-02       1.13020815e-02
5       1.98540201e-02       2.42987203e-02       8.35219712e-03
6       1.73288016e-02       2.44121026e-02       7.68328704e-03
7       1.31999808e-02       1.87813200e-02       7.41326059e-03
8       1.15048156e-02       1.70374237e-02       6.81862898e-03
9       9.71900319e-03       1.52002690e-02       6.45222641e-03
10       8.63169101e-03       1.37871662e-02       5.99676085e-03
11       7.67081723e-03       1.26004210e-02       5.77750872e-03
12       6.92949900e-03       1.17227467e-02       5.38532973e-03
13       6.36446042e-03       1.09530468e-02       5.23057466e-03
14       5.91305432e-03       1.03775393e-02       5.23603401e-03
15       5.51281825e-03       9.73941464e-03       5.15095443e-03
16       5.19306698e-03       9.27445351e-03       5.10010139e-03
17       4.90919471e-03       8.80621460e-03       5.08664040e-03
18       4.67515808e-03       8.52738830e-03       5.15263428e-03
19       4.49256071e-03       8.16744977e-03       5.07920752e-03
20       4.32566617e-03       7.90017136e-03       5.16738328e-03
21       4.19559532e-03       7.53267621e-03       5.13746574e-03
22       4.08305096e-03       7.28680353e-03       5.09039159e-03
23       3.97874375e-03       7.05457791e-03       5.04252330e-03
24       3.91101000e-03       6.79516498e-03       5.00448464e-03
25       3.82832523e-03       6.55372344e-03       5.02514787e-03
26       3.76784676e-03       6.34937284e-03       4.97931347e-03
27       3.71873290e-03       6.14956045e-03       4.87648481e-03
28       3.67183135e-03       5.91533194e-03       4.82781345e-03
29       3.63182472e-03       5.76050071e-03       4.79545561e-03
30       3.60422280e-03       5.58171572e-03       4.70678533e-03
31       3.57225214e-03       5.40839986e-03       4.69110717e-03
32       3.54356483e-03       5.22942707e-03       4.62847394e-03
33       3.52299772e-03       5.10100869e-03       4.59768405e-03
34       3.49470008e-03       4.95259560e-03       4.55548430e-03
35       3.48070640e-03       4.80848333e-03       4.51957602e-03
36       3.46137859e-03       4.69304963e-03       4.49705930e-03
37       3.44069239e-03       4.57928899e-03       4.43366079e-03
38       3.43320743e-03       4.48786375e-03       4.41174252e-03
39       3.41551312e-03       4.37538619e-03       4.33302117e-03
40       3.40950617e-03       4.29485525e-03       4.27662539e-03
41       3.40197063e-03       4.23940916e-03       4.22675657e-03
42       3.39442896e-03       4.16735824e-03       4.19801596e-03
43       3.39080801e-03       4.08934018e-03       4.13491378e-03
44       3.37380294e-03       4.02850099e-03       4.05081766e-03
45       3.36548594e-03       3.96504936e-03       4.00277817e-03
46       3.35849760e-03       3.91279429e-03       3.99509295e-03
47       3.33396735e-03       3.84375983e-03       3.92165925e-03
48       3.32216915e-03       3.77932467e-03       3.86222261e-03
49       3.30340159e-03       3.73387167e-03       3.83473594e-03
50       3.28285919e-03       3.67383269e-03       3.78752710e-03
51       3.25887697e-03       3.60794925e-03       3.74034764e-03
52       3.23824412e-03       3.54756489e-03       3.70053225e-03
53       3.20839511e-03       3.49532055e-03       3.64218445e-03
54       3.18631351e-03       3.44150435e-03       3.59644677e-03
55       3.15845941e-03       3.38811660e-03       3.58361136e-03
56       3.12909386e-03       3.32975050e-03       3.50837531e-03
57       3.09613484e-03       3.27455175e-03       3.43690191e-03
58       3.07146734e-03       3.22545473e-03       3.41398521e-03
59       3.03522343e-03       3.18102984e-03       3.38450564e-03
60       3.00671281e-03       3.12828884e-03       3.32570621e-03
61       2.97195743e-03       3.07705528e-03       3.28799386e-03
62       2.93981046e-03       3.03264095e-03       3.23704725e-03
63       2.90626645e-03       2.99130027e-03       3.16551073e-03
64       2.87450938e-03       2.94692066e-03       3.13985974e-03
65       2.83975393e-03       2.90222594e-03       3.10779104e-03
66       2.80686648e-03       2.85971413e-03       3.04935221e-03
67       2.77216895e-03       2.81915070e-03       2.99121389e-03
68       2.73863640e-03       2.77899483e-03       2.95182345e-03
69       2.70445385e-03       2.74099396e-03       2.93080825e-03
70       2.66735078e-03       2.70572795e-03       2.87608825e-03
71       2.63532214e-03       2.66786269e-03       2.82437957e-03
72       2.60204211e-03       2.62984439e-03       2.78919607e-03
73       2.56506191e-03       2.59378431e-03       2.75234694e-03
74       2.53254260e-03       2.56039216e-03       2.70818364e-03
75       2.49801558e-03       2.52755381e-03       2.67383360e-03
76       2.46637493e-03       2.49503953e-03       2.64095767e-03
77       2.43195850e-03       2.45975389e-03       2.58641644e-03
78       2.39716420e-03       2.42642675e-03       2.53945529e-03
79       2.36720091e-03       2.39720700e-03       2.50686153e-03
80       2.33399214e-03       2.36632408e-03       2.48067363e-03
81       2.30184372e-03       2.33535298e-03       2.45416196e-03
82       2.26972651e-03       2.30627735e-03       2.40462875e-03
83       2.23832866e-03       2.27822809e-03       2.35756309e-03
84       2.20892138e-03       2.25089258e-03       2.34382406e-03
85       2.17876999e-03       2.22157037e-03       2.30990087e-03
86       2.14763026e-03       2.19086300e-03       2.28862930e-03
87       2.11843999e-03       2.16318921e-03       2.24435807e-03
88       2.09054620e-03       2.13798654e-03       2.20924678e-03
89       2.06092036e-03       2.11245943e-03       2.18653763e-03
90       2.03304572e-03       2.08696599e-03       2.16516793e-03
91       2.00502578e-03       2.05959090e-03       2.13617097e-03
92       1.97766710e-03       2.03255348e-03       2.10109181e-03
93       1.95125881e-03       2.00885280e-03       2.07096555e-03
94       1.92590928e-03       1.98539843e-03       2.05468794e-03
95       1.89862202e-03       1.96060145e-03       2.03676517e-03
96       1.87335543e-03       1.93501781e-03       2.00843419e-03
97       1.84935576e-03       1.91006592e-03       1.97472542e-03
98       1.82411675e-03       1.88782878e-03       1.94267239e-03
99       1.80141147e-03       1.86546004e-03       1.93133155e-03
100       1.77785831e-03       1.84300478e-03       1.91523078e-03
101       1.75449444e-03       1.81870097e-03       1.89984471e-03
102       1.73082643e-03       1.79572412e-03       1.87803987e-03
103       1.71031185e-03       1.77254752e-03       1.84298902e-03
104       1.68873974e-03       1.75118002e-03       1.80491346e-03
105       1.66739247e-03       1.73130798e-03       1.78283185e-03
106       1.64719642e-03       1.71139496e-03       1.77492937e-03
107       1.62606624e-03       1.68954498e-03       1.76385145e-03
108       1.60676947e-03       1.66845583e-03       1.75017528e-03
109       1.58727073e-03       1.64695015e-03       1.73274664e-03
110       1.56865228e-03       1.62649395e-03       1.72233277e-03
111       1.55099355e-03       1.60672975e-03       1.70206398e-03
112       1.53215246e-03       1.58699747e-03       1.67445925e-03
113       1.51366422e-03       1.56769799e-03       1.65599728e-03
114       1.49630721e-03       1.54802886e-03       1.63862827e-03
115       1.47949467e-03       1.52921173e-03       1.61930450e-03
116       1.46355511e-03       1.51092823e-03       1.60316807e-03
117       1.44679225e-03       1.49317619e-03       1.59495768e-03
118       1.43055547e-03       1.47579366e-03       1.59048722e-03
119       1.41562971e-03       1.45869014e-03       1.57738199e-03
120       1.39901182e-03       1.44079273e-03       1.56390694e-03
121       1.38390448e-03       1.42332350e-03       1.54493205e-03
122       1.36936028e-03       1.40623344e-03       1.52376476e-03
123       1.35447576e-03       1.38931996e-03       1.51029114e-03
124       1.34113773e-03       1.37296175e-03       1.48787791e-03
125       1.32717865e-03       1.35763442e-03       1.47703710e-03
126       1.31285810e-03       1.34229898e-03       1.47141176e-03
127       1.29876329e-03       1.32794389e-03       1.45044366e-03
128       1.28564490e-03       1.31354820e-03       1.44863162e-03
129       1.27205816e-03       1.29909235e-03       1.44647064e-03
130       1.25956222e-03       1.28446075e-03       1.43227526e-03
131       1.24703932e-03       1.27040360e-03       1.41842006e-03
132       1.23410111e-03       1.25621298e-03       1.40812253e-03
133       1.22185921e-03       1.24273653e-03       1.38359463e-03
134       1.21010771e-03       1.22984648e-03       1.36604006e-03
135       1.19744015e-03       1.21735848e-03       1.36082179e-03
136       1.18478853e-03       1.20439484e-03       1.34951257e-03
137       1.17339764e-03       1.19182895e-03       1.33703503e-03
138       1.16229273e-03       1.17992121e-03       1.33363270e-03
139       1.15046884e-03       1.16782824e-03       1.33089309e-03
140       1.13932357e-03       1.15631549e-03       1.32554443e-03
141       1.12857897e-03       1.14487883e-03       1.32428033e-03
142       1.11718036e-03       1.13374990e-03       1.31959207e-03
143       1.10573774e-03       1.12279255e-03       1.30762541e-03
144       1.09498443e-03       1.11162729e-03       1.28964899e-03
145       1.08447888e-03       1.10096787e-03       1.27911311e-03
146       1.07347588e-03       1.09039885e-03       1.26382234e-03
147       1.06293877e-03       1.07956047e-03       1.25159118e-03
148       1.05279054e-03       1.06908489e-03       1.24025391e-03
149       1.04305719e-03       1.05900873e-03       1.22964968e-03
150       1.03256864e-03       1.04899395e-03       1.22528910e-03
151       1.02264104e-03       1.03939902e-03       1.21911331e-03
152       1.01309037e-03       1.02979209e-03       1.21576465e-03
153       1.00301324e-03       1.02063335e-03       1.21574620e-03
154       9.92690302e-04       1.01157621e-03       1.21168845e-03
155       9.82533698e-04       1.00239322e-03       1.21327876e-03
156       9.73550042e-04       9.93341276e-04       1.20372734e-03
157       9.64197675e-04       9.84520395e-04       1.19500099e-03
158       9.55118660e-04       9.75414954e-04       1.18631990e-03
159       9.45631147e-04       9.66489614e-04       1.17237605e-03
160       9.36307536e-04       9.57669124e-04       1.16437927e-03
161       9.27628852e-04       9.49102544e-04       1.15599406e-03
162       9.18857885e-04       9.40421536e-04       1.14267780e-03
163       9.09632440e-04       9.32153980e-04       1.13301618e-03
164       9.00562239e-04       9.23829263e-04       1.12730681e-03
165       8.91995016e-04       9.15476887e-04       1.12001968e-03
166       8.83350404e-04       9.07250556e-04       1.11941008e-03
167       8.74153402e-04       8.99000932e-04       1.11077942e-03
168       8.65785559e-04       8.90703771e-04       1.11104372e-03
169       8.57453737e-04       8.82753019e-04       1.10501128e-03
170       8.49638731e-04       8.74835632e-04       1.10090566e-03
171       8.41506235e-04       8.66954497e-04       1.09930861e-03
172       8.33444931e-04       8.59212058e-04       1.09879383e-03
173       8.24898991e-04       8.51426176e-04       1.09319511e-03
174       8.16909587e-04       8.43728672e-04       1.08369948e-03
175       8.09078178e-04       8.36011170e-04       1.07436436e-03
176       8.01152661e-04       8.28212897e-04       1.05870248e-03
177       7.93356081e-04       8.20718490e-04       1.04970862e-03
178       7.85268257e-04       8.13152411e-04       1.04630855e-03
179       7.77518309e-04       8.05353955e-04       1.04246886e-03
180       7.70371967e-04       7.97887468e-04       1.03666757e-03
181       7.62950894e-04       7.90370141e-04       1.03462330e-03
182       7.55175660e-04       7.83030346e-04       1.02937116e-03
183       7.48042255e-04       7.75697105e-04       1.02746700e-03
184       7.40562927e-04       7.68189532e-04       1.02099131e-03
185       7.33559263e-04       7.60827358e-04       1.01739471e-03
186       7.26602050e-04       7.53564577e-04       1.01128193e-03
187       7.19737522e-04       7.46404565e-04       1.01043899e-03
188       7.12464055e-04       7.39343450e-04       1.00865477e-03
189       7.05305525e-04       7.32388422e-04       1.00397216e-03
190       6.98011113e-04       7.25388375e-04       9.92908719e-04
191       6.91174028e-04       7.18447397e-04       9.84527933e-04
192       6.84643879e-04       7.11472686e-04       9.76753118e-04
193       6.77884252e-04       7.04551599e-04       9.70638240e-04
194       6.71397136e-04       6.97554919e-04       9.65470925e-04
195       6.64763947e-04       6.90668165e-04       9.62736561e-04
196       6.58210102e-04       6.83647434e-04       9.55624585e-04
197       6.51968774e-04       6.76809651e-04       9.50819378e-04
198       6.45715910e-04       6.70147551e-04       9.46396699e-04
199       6.39410030e-04       6.63488664e-04       9.40534304e-04
200       6.33045536e-04       6.56835991e-04       9.39389838e-04
201       6.26893399e-04       6.50261854e-04       9.36029578e-04
202       6.20660289e-04       6.43619531e-04       9.32461733e-04
203       6.14765803e-04       6.36937815e-04       9.25200116e-04
204       6.08849594e-04       6.30546531e-04       9.17143481e-04
205       6.02832000e-04       6.24144230e-04       9.11049573e-04
206       5.97031262e-04       6.17839858e-04       9.08256203e-04
207       5.90980650e-04       6.11583865e-04       9.04899566e-04
208       5.85049101e-04       6.05363621e-04       9.03189325e-04
209       5.79148948e-04       5.99209201e-04       8.96220476e-04
210       5.73436920e-04       5.93083936e-04       8.90971658e-04
211       5.68146078e-04       5.86957162e-04       8.90554835e-04
212       5.62854723e-04       5.80926217e-04       8.86933322e-04
213       5.57195507e-04       5.74969070e-04       8.82857062e-04
214       5.52063468e-04       5.69027640e-04       8.80682666e-04
215       5.46663416e-04       5.63090680e-04       8.76188624e-04
216       5.41263939e-04       5.57231809e-04       8.74862712e-04
217       5.35884158e-04       5.51475477e-04       8.67347485e-04
218       5.30784735e-04       5.45774010e-04       8.65499780e-04
219       5.25653430e-04       5.40119191e-04       8.61289979e-04
220       5.20659940e-04       5.34517899e-04       8.54106122e-04
221       5.15473273e-04       5.28951622e-04       8.49142702e-04
222       5.10367184e-04       5.23375218e-04       8.42304508e-04
223       5.05401110e-04       5.17866252e-04       8.33666485e-04
224       5.00336863e-04       5.12454416e-04       8.25156141e-04
225       4.95555997e-04       5.07090123e-04       8.22345616e-04
226       4.90682971e-04       5.01757843e-04       8.19147134e-04
227       4.86053187e-04       4.96487313e-04       8.17401756e-04
228       4.81455447e-04       4.91303983e-04       8.12642598e-04
229       4.76772137e-04       4.86192392e-04       8.10440312e-04
230       4.72122531e-04       4.81117923e-04       8.09611607e-04
231       4.67320159e-04       4.76102099e-04       8.09449868e-04
232       4.62760157e-04       4.71146730e-04       8.07337384e-04
233       4.58284515e-04       4.66252230e-04       8.03475296e-04
234       4.53875166e-04       4.61406305e-04       7.99791766e-04
235       4.49667665e-04       4.56645985e-04       7.95263281e-04
236       4.45333215e-04       4.51943427e-04       7.91905847e-04
237       4.40925508e-04       4.47284562e-04       7.91631290e-04
238       4.36725573e-04       4.42683553e-04       7.85658689e-04
239       4.32703607e-04       4.38137180e-04       7.82903809e-04
240       4.28491026e-04       4.33643053e-04       7.79638273e-04
241       4.24337281e-04       4.29183895e-04       7.73959026e-04
242       4.20147400e-04       4.24812161e-04       7.67459330e-04
243       4.16065898e-04       4.20500903e-04       7.61659173e-04
244       4.12072806e-04       4.16244331e-04       7.56006291e-04
245       4.08044183e-04       4.12044368e-04       7.50493218e-04
246       4.04067545e-04       4.07897430e-04       7.47312643e-04
247       4.00014141e-04       4.03796357e-04       7.41490652e-04
248       3.95955899e-04       3.99726624e-04       7.35668944e-04
249       3.92160449e-04       3.95719287e-04       7.30638311e-04
250       3.88366069e-04       3.91774396e-04       7.25416722e-04
251       3.84664885e-04       3.87879486e-04       7.23282705e-04
252       3.80850092e-04       3.84025550e-04       7.19650547e-04
253       3.76980551e-04       3.80245647e-04       7.14497831e-04
254       3.73333856e-04       3.76478001e-04       7.10507726e-04
255       3.69788754e-04       3.72756736e-04       7.09599417e-04
256       3.66294813e-04       3.69068362e-04       7.10074912e-04
257       3.62723010e-04       3.65428745e-04       7.07833976e-04
258       3.59224637e-04       3.61824929e-04       7.01868049e-04
259       3.55831913e-04       3.58275549e-04       6.98564144e-04
260       3.52249839e-04       3.54762439e-04       6.96382276e-04
261       3.48832221e-04       3.51296698e-04       6.94117410e-04
262       3.45355098e-04       3.47867027e-04       6.90295967e-04
263       3.42007518e-04       3.44468053e-04       6.87093106e-04
264       3.38694288e-04       3.41108574e-04       6.86053614e-04
265       3.35322248e-04       3.37794425e-04       6.83315648e-04
266       3.32025082e-04       3.34513906e-04       6.79724347e-04
267       3.28848245e-04       3.31271326e-04       6.76270083e-04
268       3.25612389e-04       3.28062056e-04       6.71713514e-04
269       3.22450779e-04       3.24909634e-04       6.69787372e-04
270       3.19228669e-04       3.21759883e-04       6.67485546e-04
271       3.16063856e-04       3.18651173e-04       6.63390713e-04
272       3.12948486e-04       3.15571059e-04       6.59518913e-04
273       3.09867712e-04       3.12521815e-04       6.56162121e-04
274       3.06806594e-04       3.09503454e-04       6.54194116e-04
275       3.03741367e-04       3.06499534e-04       6.52881770e-04
276       3.00693571e-04       3.03531440e-04       6.50676750e-04
277       2.97614615e-04       3.00594519e-04       6.47161845e-04
278       2.94575171e-04       2.97690488e-04       6.44418824e-04
279       2.91674260e-04       2.94812102e-04       6.42680324e-04
280       2.88713749e-04       2.91962141e-04       6.40175159e-04
281       2.85745269e-04       2.89137772e-04       6.38715358e-04
282       2.82871977e-04       2.86340186e-04       6.35384765e-04
283       2.79960799e-04       2.83560844e-04       6.31423294e-04
284       2.77161193e-04       2.80818279e-04       6.28169449e-04
285       2.74255069e-04       2.78094278e-04       6.23087323e-04
286       2.71435026e-04       2.75393128e-04       6.18694887e-04
287       2.68652319e-04       2.72710616e-04       6.14424318e-04
288       2.65882860e-04       2.70054368e-04       6.09793051e-04
289       2.63132736e-04       2.67427703e-04       6.04838968e-04
290       2.60411357e-04       2.64815185e-04       6.02520706e-04
291       2.57717848e-04       2.62227155e-04       6.01113757e-04
292       2.54973996e-04       2.59657716e-04       5.96881845e-04
293       2.52335639e-04       2.57110745e-04       5.93222604e-04
294       2.49662819e-04       2.54582359e-04       5.89970437e-04
295       2.47028981e-04       2.52072217e-04       5.87097328e-04
296       2.44417950e-04       2.49581264e-04       5.83554362e-04
297       2.41862397e-04       2.47121272e-04       5.80368358e-04
298       2.39328555e-04       2.44662189e-04       5.78131981e-04
299       2.36807563e-04       2.42224940e-04       5.76235237e-04
300       2.34192787e-04       2.39807098e-04       5.73740126e-04
301       2.31661979e-04       2.37410422e-04       5.69108423e-04
302       2.29190831e-04       2.35037269e-04       5.64434079e-04
303       2.26732369e-04       2.32686073e-04       5.60687209e-04
304       2.24261031e-04       2.30350027e-04       5.57867149e-04
305       2.21862296e-04       2.28031625e-04       5.55310772e-04
306       2.19401628e-04       2.25728329e-04       5.52806384e-04
307       2.16940770e-04       2.23438091e-04       5.50279942e-04
308       2.14551383e-04       2.21160799e-04       5.47659042e-04
309       2.12193201e-04       2.18902432e-04       5.43481734e-04
310       2.09810846e-04       2.16664091e-04       5.40788969e-04
311       2.07469834e-04       2.14439384e-04       5.38505321e-04
312       2.05177313e-04       2.12230641e-04       5.35724738e-04
313       2.02893134e-04       2.10039783e-04       5.32607134e-04
314       2.00649348e-04       2.07862816e-04       5.29430934e-04
315       1.98411316e-04       2.05702122e-04       5.26279989e-04
316       1.96197471e-04       2.03557293e-04       5.23357622e-04
317       1.93980543e-04       2.01425596e-04       5.19377974e-04
318       1.91762117e-04       1.99310653e-04       5.15035891e-04
319       1.89570650e-04       1.97212748e-04       5.11577270e-04
320       1.87407017e-04       1.95138896e-04       5.08579348e-04
321       1.85282350e-04       1.93071639e-04       5.06292907e-04
322       1.83156833e-04       1.91018696e-04       5.03199189e-04
323       1.81058540e-04       1.88982882e-04       5.00379814e-04
324       1.78958155e-04       1.86961398e-04       4.98973968e-04
325       1.76901811e-04       1.84953462e-04       4.97423658e-04
326       1.74882885e-04       1.82960353e-04       4.94816863e-04
327       1.72875915e-04       1.80981524e-04       4.91406494e-04
328       1.70872461e-04       1.79020358e-04       4.88277446e-04
329       1.68892991e-04       1.77076148e-04       4.85686684e-04
330       1.66928646e-04       1.75143549e-04       4.83930819e-04
331       1.65001043e-04       1.73219736e-04       4.82588833e-04
332       1.63087750e-04       1.71319334e-04       4.81063821e-04
333       1.61160276e-04       1.69435716e-04       4.79871992e-04
334       1.59269243e-04       1.67566614e-04       4.78534878e-04
335       1.57425123e-04       1.65714832e-04       4.76266487e-04
336       1.55582135e-04       1.63877888e-04       4.73113349e-04
337       1.53775329e-04       1.62061359e-04       4.70386709e-04
338       1.51981299e-04       1.60259736e-04       4.67846591e-04
339       1.50208272e-04       1.58475049e-04       4.65444225e-04
340       1.48439286e-04       1.56707766e-04       4.63060107e-04
341       1.46720945e-04       1.54957516e-04       4.59860944e-04
342       1.45011571e-04       1.53223894e-04       4.56284063e-04
343       1.43303545e-04       1.51505551e-04       4.52566088e-04
344       1.41643615e-04       1.49804450e-04       4.49341817e-04
345       1.40000728e-04       1.48120268e-04       4.46587358e-04
346       1.38354330e-04       1.46455079e-04       4.44097880e-04
347       1.36727351e-04       1.44807642e-04       4.41618325e-04
348       1.35120847e-04       1.43177911e-04       4.38972515e-04
349       1.33533406e-04       1.41565616e-04       4.36560843e-04
350       1.31951382e-04       1.39971513e-04       4.34709784e-04
351       1.30378003e-04       1.38394616e-04       4.33119574e-04
352       1.28839533e-04       1.36835052e-04       4.31517580e-04
353       1.27308010e-04       1.35293390e-04       4.29585391e-04
354       1.25807065e-04       1.33768541e-04       4.27032022e-04
355       1.24323722e-04       1.32260678e-04       4.24145631e-04
356       1.22854479e-04       1.30771168e-04       4.21220325e-04
357       1.21406638e-04       1.29295826e-04       4.18053287e-04
358       1.19960183e-04       1.27839287e-04       4.14580530e-04
359       1.18555873e-04       1.26398360e-04       4.11441830e-04
360       1.17158078e-04       1.24975120e-04       4.08898659e-04
361       1.15784583e-04       1.23569546e-04       4.06329245e-04
362       1.14418065e-04       1.22180551e-04       4.03663876e-04
363       1.13046369e-04       1.20807214e-04       4.01103972e-04
364       1.11713278e-04       1.19449558e-04       3.97956932e-04
365       1.10399477e-04       1.18109315e-04       3.94498879e-04
366       1.09103738e-04       1.16786017e-04       3.91329167e-04
367       1.07817147e-04       1.15476051e-04       3.88337963e-04
368       1.06535162e-04       1.14181888e-04       3.85091244e-04
369       1.05280951e-04       1.12903372e-04       3.81849649e-04
370       1.04040450e-04       1.11639434e-04       3.78570090e-04
371       1.02821094e-04       1.10390039e-04       3.75066771e-04
372       1.01622938e-04       1.09154890e-04       3.71400098e-04
373       1.00428333e-04       1.07933730e-04       3.68290314e-04
374       9.92530209e-05       1.06726814e-04       3.65377451e-04
375       9.81001270e-05       1.05534331e-04       3.62717627e-04
376       9.69562839e-05       1.04356210e-04       3.60420207e-04
377       9.58266097e-05       1.03192239e-04       3.58021704e-04
378       9.47118599e-05       1.02042279e-04       3.55410061e-04
379       9.36165437e-05       1.00907126e-04       3.52430128e-04
380       9.25355760e-05       9.97855473e-05       3.49141463e-04
381       9.14686349e-05       9.86764751e-05       3.46084278e-04
382       9.04091495e-05       9.75809710e-05       3.43326116e-04
383       8.93522504e-05       9.64982502e-05       3.40658807e-04
384       8.83216940e-05       9.54282796e-05       3.38184618e-04
385       8.72946720e-05       9.43709718e-05       3.35605752e-04
386       8.62848801e-05       9.33260136e-05       3.33207602e-04
387       8.52931527e-05       9.22941599e-05       3.30839273e-04
388       8.43199205e-05       9.12738384e-05       3.28447993e-04
389       8.33520708e-05       9.02663048e-05       3.25946699e-04
390       8.24048319e-05       8.92712476e-05       3.23402827e-04
391       8.14625586e-05       8.82882083e-05       3.21136912e-04
392       8.05362744e-05       8.73162987e-05       3.19047452e-04
393       7.96153389e-05       8.63562679e-05       3.16937815e-04
394       7.87080724e-05       8.54076291e-05       3.14717892e-04
395       7.78229346e-05       8.44708207e-05       3.12307629e-04
396       7.69452829e-05       8.35455887e-05       3.09859839e-04
397       7.60776316e-05       8.26314990e-05       3.07441298e-04
398       7.52200056e-05       8.17287008e-05       3.04888530e-04
399       7.43715693e-05       8.08366416e-05       3.02364382e-04
400       7.35378060e-05       7.99553233e-05       2.99987157e-04
401       7.27142938e-05       7.90847339e-05       2.97728214e-04
402       7.18962815e-05       7.82216656e-05       2.95467255e-04
403       7.10832164e-05       7.73725061e-05       2.93147442e-04
404       7.02858905e-05       7.65369645e-05       2.90800135e-04
405       6.95035720e-05       7.57093160e-05       2.88373564e-04
406       6.87292738e-05       7.48901059e-05       2.85993353e-04
407       6.79625171e-05       7.40802862e-05       2.83510235e-04
408       6.72072189e-05       7.32796299e-05       2.81021225e-04
409       6.64616250e-05       7.24873979e-05       2.78563405e-04
410       6.57238051e-05       7.17046755e-05       2.76231070e-04
411       6.49914280e-05       7.09311050e-05       2.73958943e-04
412       6.42658057e-05       7.01666444e-05       2.71607665e-04
413       6.35534297e-05       6.94114426e-05       2.69351336e-04
414       6.28506078e-05       6.86648308e-05       2.67243287e-04
415       6.21554747e-05       6.79267067e-05       2.65201773e-04
416       6.14686611e-05       6.71974209e-05       2.63114163e-04
417       6.07892986e-05       6.64765359e-05       2.60980689e-04
418       6.01174253e-05       6.57641234e-05       2.58952108e-04
419       5.94533142e-05       6.50598825e-05       2.56820116e-04
420       5.87969230e-05       6.43636532e-05       2.54700762e-04
421       5.81481752e-05       6.36753943e-05       2.52648107e-04
422       5.75023206e-05       6.29951279e-05       2.50426847e-04
423       5.68673063e-05       6.23223775e-05       2.48224021e-04
424       5.62401909e-05       6.16574432e-05       2.46072857e-04
425       5.56195862e-05       6.10000873e-05       2.44128919e-04
426       5.50047630e-05       6.03499291e-05       2.42355893e-04
427       5.43992570e-05       5.97068471e-05       2.40684987e-04
428       5.37998948e-05       5.90709853e-05       2.38881799e-04
429       5.32057540e-05       5.84425984e-05       2.37098846e-04
430       5.26172088e-05       5.78210680e-05       2.35376132e-04
431       5.20340446e-05       5.72065375e-05       2.33584030e-04
432       5.14567410e-05       5.65987816e-05       2.31750047e-04
433       5.08856276e-05       5.59975529e-05       2.29847605e-04
434       5.03210832e-05       5.54026025e-05       2.27986017e-04
435       4.97621319e-05       5.48139774e-05       2.26144683e-04
436       4.92075819e-05       5.42320543e-05       2.24372076e-04
437       4.86582374e-05       5.36562512e-05       2.22669035e-04
438       4.81165888e-05       5.30867627e-05       2.20995318e-04
439       4.75811029e-05       5.25231565e-05       2.19314599e-04
440       4.70497523e-05       5.19656187e-05       2.17629267e-04
441       4.65243866e-05       5.14139582e-05       2.15945650e-04
442       4.60049649e-05       5.08680498e-05       2.14321851e-04
443       4.54906437e-05       5.03278806e-05       2.12764640e-04
444       4.49816277e-05       4.97927890e-05       2.11250535e-04
445       4.44788948e-05       4.92633918e-05       2.09726250e-04
446       4.39803291e-05       4.87397718e-05       2.08131983e-04
447       4.34865959e-05       4.82215743e-05       2.06517122e-04
448       4.29978267e-05       4.77084812e-05       2.04826503e-04
449       4.25141393e-05       4.72006702e-05       2.03189356e-04
450       4.20352522e-05       4.66979298e-05       2.01599208e-04
451       4.15612478e-05       4.62002369e-05       2.00085711e-04
452       4.10922214e-05       4.57073708e-05       1.98594585e-04
453       4.06290464e-05       4.52193322e-05       1.97083163e-04
454       4.01700370e-05       4.47360721e-05       1.95616272e-04
455       3.97159987e-05       4.42572935e-05       1.94158153e-04
456       3.92661436e-05       4.37830771e-05       1.92734280e-04
457       3.88215503e-05       4.33139588e-05       1.91322454e-04
458       3.83817575e-05       4.28496275e-05       1.89919147e-04
459       3.79461892e-05       4.23898888e-05       1.88493011e-04
460       3.75152042e-05       4.19343762e-05       1.87176357e-04
461       3.70884621e-05       4.14837946e-05       1.85893329e-04
462       3.66655981e-05       4.10375807e-05       1.84566216e-04
463       3.62466599e-05       4.05958381e-05       1.83190440e-04
464       3.58339395e-05       4.01586793e-05       1.81819947e-04
465       3.54250575e-05       3.97259571e-05       1.80422718e-04
466       3.50208152e-05       3.92975293e-05       1.79058484e-04
467       3.46216888e-05       3.88737254e-05       1.77719366e-04
468       3.42273916e-05       3.84545748e-05       1.76366022e-04
469       3.38365189e-05       3.80386340e-05       1.75002066e-04
470       3.34497129e-05       3.76274368e-05       1.73588778e-04
471       3.30668834e-05       3.72207749e-05       1.72130421e-04
472       3.26890518e-05       3.68178845e-05       1.70627879e-04
473       3.23151364e-05       3.64191308e-05       1.69087011e-04
474       3.19455691e-05       3.60247826e-05       1.67536063e-04
475       3.15803927e-05       3.56344536e-05       1.65950430e-04
476       3.12195493e-05       3.52481559e-05       1.64318305e-04
477       3.08631563e-05       3.48659939e-05       1.62698765e-04
478       3.05111388e-05       3.44877649e-05       1.61097287e-04
479       3.01634166e-05       3.41136482e-05       1.59476968e-04
480       2.98202746e-05       3.37434662e-05       1.57899514e-04
481       2.94813640e-05       3.33773790e-05       1.56362060e-04
482       2.91467080e-05       3.30152775e-05       1.54831489e-04
483       2.88145962e-05       3.26568651e-05       1.53310877e-04
484       2.84880346e-05       3.23025663e-05       1.51801591e-04
485       2.81663933e-05       3.19521988e-05       1.50333280e-04
486       2.78488976e-05       3.16055620e-05       1.48896215e-04
487       2.75353486e-05       3.12629157e-05       1.47505001e-04
488       2.72261921e-05       3.09239453e-05       1.46117611e-04
489       2.69214703e-05       3.05892614e-05       1.44735979e-04
490       2.66209436e-05       3.02586754e-05       1.43348217e-04
491       2.63243668e-05       2.99317564e-05       1.41959052e-04
492       2.60310299e-05       2.96085782e-05       1.40564972e-04
493       2.57430165e-05       2.92892362e-05       1.39156058e-04
494       2.54597889e-05       2.89735536e-05       1.37785967e-04
495       2.51802263e-05       2.86615072e-05       1.36414505e-04
496       2.49047496e-05       2.83530556e-05       1.35045181e-04
497       2.46337791e-05       2.80481331e-05       1.33710060e-04
498       2.43669972e-05       2.77469335e-05       1.32394264e-04
499       2.41043892e-05       2.74493723e-05       1.31051350e-04
500       2.38459750e-05       2.71552850e-05       1.29689170e-04
501       2.35917250e-05       2.68645971e-05       1.28366784e-04
502       2.33416247e-05       2.65774706e-05       1.27014868e-04
503       2.30960905e-05       2.62938227e-05       1.25698576e-04
504       2.28547059e-05       2.60135531e-05       1.24418540e-04
505       2.26169901e-05       2.57368417e-05       1.23156319e-04
506       2.23826829e-05       2.54635749e-05       1.21903284e-04
507       2.21517803e-05       2.51936271e-05       1.20715904e-04
508       2.19242459e-05       2.49269942e-05       1.19556335e-04
509       2.16997621e-05       2.46637054e-05       1.18431931e-04
510       2.14785048e-05       2.44035342e-05       1.17324212e-04
511       2.12606190e-05       2.41465579e-05       1.16221190e-04
512       2.10457324e-05       2.38934349e-05       1.15126468e-04
513       2.08337567e-05       2.36434541e-05       1.14043361e-04
514       2.06250593e-05       2.33965752e-05       1.12961133e-04
515       2.04190487e-05       2.31528398e-05       1.11894247e-04
516       2.02156765e-05       2.29123410e-05       1.10831379e-04
517       2.00151057e-05       2.26751574e-05       1.09773271e-04
518       1.98171518e-05       2.24412692e-05       1.08712571e-04
519       1.96217310e-05       2.22104538e-05       1.07677577e-04
520       1.94288056e-05       2.19825229e-05       1.06663906e-04
521       1.92383457e-05       2.17575513e-05       1.05664672e-04
522       1.90502822e-05       2.15356682e-05       1.04689948e-04
523       1.88645799e-05       2.13166618e-05       1.03729021e-04
524       1.86809848e-05       2.11004443e-05       1.02780732e-04
525       1.84992522e-05       2.08870896e-05       1.01851662e-04
526       1.83194257e-05       2.06765110e-05       1.00930414e-04
527       1.81415463e-05       2.04687545e-05       1.00011949e-04
528       1.79657434e-05       2.02636494e-05       9.91019196e-05
529       1.77919411e-05       2.00612278e-05       9.82016026e-05
530       1.76199903e-05       1.98614822e-05       9.73052134e-05
531       1.74499052e-05       1.96642697e-05       9.64180245e-05
532       1.72817791e-05       1.94697120e-05       9.55469833e-05
533       1.71156323e-05       1.92776497e-05       9.46929564e-05
534       1.69512669e-05       1.90880216e-05       9.38455979e-05
535       1.67885534e-05       1.89008234e-05       9.30010264e-05
536       1.66274593e-05       1.87159681e-05       9.21616507e-05
537       1.64679851e-05       1.85335816e-05       9.13258556e-05
538       1.63101250e-05       1.83536665e-05       9.04969800e-05
539       1.61538580e-05       1.81761470e-05       8.96758747e-05
540       1.59990503e-05       1.80007544e-05       8.88630343e-05
541       1.58457068e-05       1.78275594e-05       8.80646603e-05
542       1.56938705e-05       1.76565729e-05       8.72723015e-05
543       1.55435791e-05       1.74877407e-05       8.64847728e-05
544       1.53947412e-05       1.73208650e-05       8.56883941e-05
545       1.52473071e-05       1.71559749e-05       8.49022431e-05
546       1.51012071e-05       1.69931058e-05       8.41305222e-05
547       1.49565814e-05       1.68321332e-05       8.33653207e-05
548       1.48133294e-05       1.66732910e-05       8.26101476e-05
549       1.46713848e-05       1.65162881e-05       8.18612529e-05
550       1.45307352e-05       1.63609143e-05       8.11247642e-05
551       1.43914856e-05       1.62072060e-05       8.04061003e-05
552       1.42536333e-05       1.60551603e-05       7.96954272e-05
553       1.41172210e-05       1.59047694e-05       7.90006427e-05
554       1.39822139e-05       1.57559010e-05       7.83095284e-05
555       1.38485366e-05       1.56084907e-05       7.76207321e-05
556       1.37161991e-05       1.54627283e-05       7.69379292e-05
557       1.35852071e-05       1.53184833e-05       7.62599975e-05
558       1.34555344e-05       1.51756967e-05       7.55953001e-05
559       1.33271138e-05       1.50343522e-05       7.49371721e-05
560       1.32000155e-05       1.48944599e-05       7.42870420e-05
561       1.30743060e-05       1.47559727e-05       7.36398080e-05
562       1.29498582e-05       1.46187843e-05       7.29930047e-05
563       1.28266906e-05       1.44829553e-05       7.23492158e-05
564       1.27048256e-05       1.43483259e-05       7.17136476e-05
565       1.25843108e-05       1.42150386e-05       7.10795486e-05
566       1.24652097e-05       1.40830475e-05       7.04439705e-05
567       1.23474126e-05       1.39522529e-05       6.98141609e-05
568       1.22308330e-05       1.38226481e-05       6.91941518e-05
569       1.21155960e-05       1.36942823e-05       6.85791656e-05
570       1.20016678e-05       1.35671222e-05       6.79722140e-05
571       1.18890595e-05       1.34411171e-05       6.73714465e-05
572       1.17777699e-05       1.33162694e-05       6.67753784e-05
573       1.16678446e-05       1.31925140e-05       6.61880230e-05
574       1.15592556e-05       1.30698841e-05       6.56113975e-05
575       1.14519812e-05       1.29483652e-05       6.50401448e-05
576       1.13460911e-05       1.28279375e-05       6.44741831e-05
577       1.12415797e-05       1.27086208e-05       6.39128763e-05
578       1.11383614e-05       1.25904214e-05       6.33567566e-05
579       1.10364224e-05       1.24732870e-05       6.28048815e-05
580       1.09357438e-05       1.23572495e-05       6.22588910e-05
581       1.08363072e-05       1.22422871e-05       6.17171236e-05
582       1.07381329e-05       1.21283971e-05       6.11787654e-05
583       1.06412845e-05       1.20155586e-05       6.06441829e-05
584       1.05457765e-05       1.19037388e-05       6.01148857e-05
585       1.04514654e-05       1.17929492e-05       5.95917747e-05
586       1.03583285e-05       1.16831872e-05       5.90741048e-05
587       1.02664423e-05       1.15744720e-05       5.85630651e-05
588       1.01757504e-05       1.14668162e-05       5.80587750e-05
589       1.00862205e-05       1.13601998e-05       5.75616431e-05
590       9.99798670e-06       1.12546251e-05       5.70705699e-05
591       9.91085548e-06       1.11500946e-05       5.65840744e-05
592       9.82483870e-06       1.10465945e-05       5.61016755e-05
593       9.73989606e-06       1.09440981e-05       5.56227738e-05
594       9.65610996e-06       1.08426089e-05       5.51495879e-05
595       9.57333909e-06       1.07421481e-05       5.46815113e-05
596       9.49175819e-06       1.06427285e-05       5.42096209e-05
597       9.41137687e-06       1.05443091e-05       5.37429003e-05
598       9.33200388e-06       1.04468784e-05       5.32768523e-05
599       9.25362209e-06       1.03506470e-05       5.28214047e-05
600       9.17623319e-06       1.02553534e-05       5.23693452e-05
601       9.09977825e-06       1.01611563e-05       5.19204510e-05
602       9.02442712e-06       1.00680880e-05       5.14754432e-05
603       8.95010194e-06       9.97607093e-06       5.10363187e-05
604       8.87679054e-06       9.88509204e-06       5.06030716e-05
605       8.80447621e-06       9.79516852e-06       5.01719007e-05
606       8.73309766e-06       9.70629629e-06       4.97437233e-05
607       8.66263712e-06       9.61853832e-06       4.93219224e-05
608       8.59308160e-06       9.53184246e-06       4.89084931e-05
609       8.52444062e-06       9.44620987e-06       4.85005100e-05
610       8.45670150e-06       9.36169152e-06       4.80988970e-05
611       8.38987411e-06       9.27823284e-06       4.77028690e-05
612       8.32393096e-06       9.19586511e-06       4.73108641e-05
613       8.25882286e-06       9.11461192e-06       4.69225593e-05
614       8.19455907e-06       9.03444375e-06       4.65386008e-05
615       8.13115108e-06       8.95534992e-06       4.61575498e-05
616       8.06851182e-06       8.87730432e-06       4.57766897e-05
617       8.00654938e-06       8.80026793e-06       4.53949087e-05
618       7.94542855e-06       8.72426231e-06       4.50174470e-05
619       7.88504992e-06       8.64930648e-06       4.46432041e-05
620       7.82543777e-06       8.57541105e-06       4.42717921e-05
621       7.76661337e-06       8.50256654e-06       4.39039901e-05
622       7.70855364e-06       8.43080613e-06       4.35400809e-05
623       7.65116872e-06       8.36003609e-06       4.31792201e-05
624       7.59443777e-06       8.29029293e-06       4.28217819e-05
625       7.53837484e-06       8.22152813e-06       4.24688397e-05
626       7.48297714e-06       8.15377380e-06       4.21208787e-05
627       7.42822643e-06       8.08695481e-06       4.17776399e-05
628       7.37411350e-06       8.02112800e-06       4.14383986e-05
629       7.32061951e-06       7.95629590e-06       4.11023292e-05
630       7.26772799e-06       7.89249054e-06       4.07693364e-05
631       7.21543043e-06       7.82953492e-06       4.04394294e-05
632       7.16371574e-06       7.76747563e-06       4.01115664e-05
633       7.11256468e-06       7.70621042e-06       3.97865925e-05
634       7.06194604e-06       7.64578500e-06       3.94635831e-05
635       7.01186153e-06       7.58612253e-06       3.91430605e-05
636       6.96231569e-06       7.52724670e-06       3.88270430e-05
637       6.91326717e-06       7.46911354e-06       3.85147174e-05
638       6.86469729e-06       7.41175640e-06       3.82068618e-05
639       6.81659244e-06       7.35507154e-06       3.79019149e-05
640       6.76892835e-06       7.29903085e-06       3.75985463e-05
641       6.72168792e-06       7.24364845e-06       3.72983192e-05
642       6.67486023e-06       7.18891040e-06       3.70015663e-05
643       6.62844723e-06       7.13481100e-06       3.67079716e-05
644       6.58244854e-06       7.08134839e-06       3.64173565e-05
645       6.53688199e-06       7.02850498e-06       3.61278185e-05
646       6.49169618e-06       6.97629795e-06       3.58413812e-05
647       6.44690167e-06       6.92463499e-06       3.55588711e-05
648       6.40253188e-06       6.87355884e-06       3.52794348e-05
649       6.35856721e-06       6.82299972e-06       3.50034086e-05
650       6.31498173e-06       6.77299843e-06       3.47301024e-05
651       6.27178217e-06       6.72351107e-06       3.44593904e-05
652       6.22899057e-06       6.67452297e-06       3.41913450e-05
653       6.18658805e-06       6.62605409e-06       3.39259155e-05
654       6.14458114e-06       6.57807004e-06       3.36634619e-05
655       6.10298468e-06       6.53059474e-06       3.34038519e-05
656       6.06180786e-06       6.48361446e-06       3.31468043e-05
657       6.02103197e-06       6.43707177e-06       3.28919079e-05
658       5.98060574e-06       6.39097766e-06       3.26397920e-05
659       5.94053768e-06       6.34531758e-06       3.23915911e-05
660       5.90087670e-06       6.30008037e-06       3.21475814e-05
661       5.86162302e-06       6.25527821e-06       3.19067158e-05
662       5.82278289e-06       6.21088672e-06       3.16683328e-05
663       5.78433094e-06       6.16690526e-06       3.14314650e-05
664       5.74628278e-06       6.12331069e-06       3.11967543e-05
665       5.70860287e-06       6.08011637e-06       3.09640335e-05
666       5.67129586e-06       6.03735370e-06       3.07335494e-05
667       5.63440082e-06       5.99498948e-06       3.05054003e-05
668       5.59785112e-06       5.95298577e-06       3.02797399e-05
669       5.56167342e-06       5.91135174e-06       3.00563040e-05
670       5.52589702e-06       5.87008904e-06       2.98351357e-05
671       5.49049861e-06       5.82918565e-06       2.96160432e-05
672       5.45546173e-06       5.78863154e-06       2.93988104e-05
673       5.42077719e-06       5.74841589e-06       2.91838855e-05
674       5.38644927e-06       5.70859189e-06       2.89711312e-05
675       5.35250661e-06       5.66913900e-06       2.87603420e-05
676       5.31892214e-06       5.63004720e-06       2.85515430e-05
677       5.28568949e-06       5.59132753e-06       2.83446945e-05
678       5.25279325e-06       5.55294105e-06       2.81400174e-05
679       5.22025113e-06       5.51489110e-06       2.79373736e-05
680       5.18803074e-06       5.47718484e-06       2.77365583e-05
681       5.15615756e-06       5.43981348e-06       2.75377680e-05
682       5.12462864e-06       5.40277189e-06       2.73409286e-05
683       5.09339890e-06       5.36606533e-06       2.71459570e-05
684       5.06247098e-06       5.32971763e-06       2.69532299e-05
685       5.03186323e-06       5.29371211e-06       2.67625455e-05
686       5.00159312e-06       5.25806559e-06       2.65736932e-05
687       4.97160246e-06       5.22275815e-06       2.63863913e-05
688       4.94189420e-06       5.18778787e-06       2.61999024e-05
689       4.91247381e-06       5.15316836e-06       2.60156923e-05
690       4.88337267e-06       5.11887402e-06       2.58330409e-05
691       4.85456576e-06       5.08491246e-06       2.56520427e-05
692       4.82601879e-06       5.05128948e-06       2.54727197e-05
693       4.79774208e-06       5.01803269e-06       2.52950606e-05
694       4.76974070e-06       4.98509663e-06       2.51189986e-05
695       4.74201232e-06       4.95248094e-06       2.49445292e-05
696       4.71453861e-06       4.92020344e-06       2.47714146e-05
697       4.68730308e-06       4.88828031e-06       2.45998100e-05
698       4.66031628e-06       4.85669589e-06       2.44297656e-05
699       4.63357933e-06       4.82546657e-06       2.42613626e-05
700       4.60707269e-06       4.79453761e-06       2.40941327e-05
701       4.58079388e-06       4.76391709e-06       2.39283964e-05
702       4.55473466e-06       4.73360772e-06       2.37642381e-05
703       4.52890299e-06       4.70362177e-06       2.36015843e-05
704       4.50330387e-06       4.67396655e-06       2.34401224e-05
705       4.47791595e-06       4.64464708e-06       2.32800490e-05
706       4.45273586e-06       4.61562723e-06       2.31216185e-05
707       4.42775986e-06       4.58689809e-06       2.29648821e-05
708       4.40299134e-06       4.55847141e-06       2.28094688e-05
709       4.37843021e-06       4.53033776e-06       2.26547720e-05
710       4.35406297e-06       4.50251878e-06       2.25000933e-05
711       4.32988747e-06       4.47498557e-06       2.23485015e-05
712       4.30589678e-06       4.44772197e-06       2.21978057e-05
713       4.28209679e-06       4.42074015e-06       2.20489712e-05
714       4.25848459e-06       4.39406123e-06       2.19010417e-05
715       4.23506221e-06       4.36767453e-06       2.17545100e-05
716       4.21181615e-06       4.34154869e-06       2.16091872e-05
717       4.18874729e-06       4.31567937e-06       2.14651016e-05
718       4.16585339e-06       4.29005875e-06       2.13221300e-05
719       4.14313349e-06       4.26469476e-06       2.11803605e-05
720       4.12058767e-06       4.23959703e-06       2.10398607e-05
721       4.09822014e-06       4.21474602e-06       2.09003640e-05
722       4.07602495e-06       4.19013312e-06       2.07613462e-05
723       4.05399330e-06       4.16574623e-06       2.06233063e-05
724       4.03212564e-06       4.14159940e-06       2.04863789e-05
725       4.01042282e-06       4.11769486e-06       2.03506526e-05
726       3.98888391e-06       4.09402832e-06       2.02162064e-05
727       3.96750754e-06       4.07057434e-06       2.00828596e-05
728       3.94629316e-06       4.04733634e-06       1.99505870e-05
729       3.92524255e-06       4.02430361e-06       1.98192696e-05
730       3.90434931e-06       4.00147208e-06       1.96889952e-05
731       3.88360903e-06       3.97884313e-06       1.95597074e-05
732       3.86302290e-06       3.95641853e-06       1.94313587e-05
733       3.84258760e-06       3.93420596e-06       1.93040036e-05
734       3.82230096e-06       3.91218487e-06       1.91776430e-05
735       3.80216366e-06       3.89034697e-06       1.90522807e-05
736       3.78217700e-06       3.86869068e-06       1.89279370e-05
737       3.76233886e-06       3.84721918e-06       1.88045286e-05
738       3.74265108e-06       3.82593894e-06       1.86818127e-05
739       3.72311111e-06       3.80484343e-06       1.85595376e-05
740       3.70371201e-06       3.78393493e-06       1.84384228e-05
741       3.68445321e-06       3.76319886e-06       1.83184037e-05
742       3.66533452e-06       3.74262424e-06       1.81992494e-05
743       3.64635371e-06       3.72221413e-06       1.80810345e-05
744       3.62751058e-06       3.70197064e-06       1.79641283e-05
745       3.60880479e-06       3.68188534e-06       1.78485061e-05
746       3.59023794e-06       3.66196038e-06       1.77336885e-05
747       3.57180450e-06       3.64217991e-06       1.76197502e-05
748       3.55350403e-06       3.62255654e-06       1.75067162e-05
749       3.53533768e-06       3.60308724e-06       1.73944956e-05
750       3.51730407e-06       3.58377961e-06       1.72829769e-05
751       3.49940416e-06       3.56461637e-06       1.71722870e-05
752       3.48163810e-06       3.54559551e-06       1.70608208e-05
753       3.46399167e-06       3.52671636e-06       1.69517753e-05
754       3.44646901e-06       3.50797831e-06       1.68436419e-05
755       3.42907135e-06       3.48937678e-06       1.67362930e-05
756       3.41179694e-06       3.47091099e-06       1.66299123e-05
757       3.39464418e-06       3.45257804e-06       1.65244326e-05
758       3.37761199e-06       3.43438344e-06       1.64202032e-05
759       3.36069894e-06       3.41632614e-06       1.63167856e-05
760       3.34390370e-06       3.39840229e-06       1.62141450e-05
761       3.32722477e-06       3.38061051e-06       1.61123997e-05
762       3.31066313e-06       3.36295300e-06       1.60114051e-05
763       3.29421667e-06       3.34543322e-06       1.59111945e-05
764       3.27788485e-06       3.32803832e-06       1.58117978e-05
765       3.26166670e-06       3.31076723e-06       1.57131809e-05
766       3.24556210e-06       3.29361879e-06       1.56153437e-05
767       3.22957059e-06       3.27659016e-06       1.55183144e-05
768       3.21369013e-06       3.25968217e-06       1.54220618e-05
769       3.19792010e-06       3.24289067e-06       1.53264159e-05
770       3.18225824e-06       3.22621708e-06       1.52314674e-05
771       3.16669891e-06       3.20966275e-06       1.51371331e-05
772       3.15125044e-06       3.19322272e-06       1.50435367e-05
773       3.13591694e-06       3.17689806e-06       1.49509154e-05
774       3.12068739e-06       3.16068568e-06       1.48590875e-05
775       3.10555610e-06       3.14458559e-06       1.47680532e-05
776       3.09052167e-06       3.12859936e-06       1.46778772e-05
777       3.07558431e-06       3.11272386e-06       1.45884338e-05
778       3.06074413e-06       3.09696214e-06       1.44997775e-05
779       3.04599925e-06       3.08131021e-06       1.44118667e-05
780       3.03135038e-06       3.06576868e-06       1.43247391e-05
781       3.01679557e-06       3.05033618e-06       1.42383996e-05
782       3.00233347e-06       3.03501137e-06       1.41523455e-05
783       2.98796383e-06       3.01979132e-06       1.40671337e-05
784       2.97368572e-06       3.00467741e-06       1.39826458e-05
785       2.95949900e-06       2.98966569e-06       1.38988590e-05
786       2.94540261e-06       2.97475578e-06       1.38157036e-05
787       2.93139571e-06       2.95995085e-06       1.37332373e-05
788       2.91747721e-06       2.94524658e-06       1.36515242e-05
789       2.90364607e-06       2.93063488e-06       1.35705544e-05
790       2.88990017e-06       2.91612397e-06       1.34902436e-05
791       2.87623972e-06       2.90170931e-06       1.34106377e-05
792       2.86266423e-06       2.88739113e-06       1.33316773e-05
793       2.84917204e-06       2.87316886e-06       1.32533603e-05
794       2.83576321e-06       2.85904140e-06       1.31756409e-05
795       2.82243671e-06       2.84500720e-06       1.30985149e-05
796       2.80919138e-06       2.83106518e-06       1.30220230e-05
797       2.79602776e-06       2.81721505e-06       1.29461257e-05
798       2.78294449e-06       2.80345852e-06       1.28709022e-05
799       2.76994037e-06       2.78979287e-06       1.27963011e-05
800       2.75701436e-06       2.77621794e-06       1.27222452e-05
801       2.74416628e-06       2.76273289e-06       1.26487664e-05
802       2.73139487e-06       2.74933624e-06       1.25758942e-05
803       2.71869955e-06       2.73602669e-06       1.25036052e-05
804       2.70607978e-06       2.72280422e-06       1.24319664e-05
805       2.69353442e-06       2.70966859e-06       1.23609808e-05
806       2.68106337e-06       2.69661764e-06       1.22906042e-05
807       2.66866631e-06       2.68365135e-06       1.22208437e-05
808       2.65634272e-06       2.67076841e-06       1.21517000e-05
809       2.64409131e-06       2.65796894e-06       1.20832418e-05
810       2.63191195e-06       2.64525375e-06       1.20151749e-05
811       2.61980377e-06       2.63262023e-06       1.19475928e-05
812       2.60776632e-06       2.62006702e-06       1.18805488e-05
813       2.59579868e-06       2.60759619e-06       1.18140566e-05
814       2.58390042e-06       2.59520501e-06       1.17481406e-05
815       2.57207201e-06       2.58289191e-06       1.16828518e-05
816       2.56031191e-06       2.57065759e-06       1.16181967e-05
817       2.54861998e-06       2.55850096e-06       1.15541334e-05
818       2.53699563e-06       2.54642156e-06       1.14907343e-05
819       2.52543854e-06       2.53441871e-06       1.14278376e-05
820       2.51394825e-06       2.52249371e-06       1.13654717e-05
821       2.50252473e-06       2.51064358e-06       1.13035510e-05
822       2.49116646e-06       2.49886891e-06       1.12420685e-05
823       2.47987305e-06       2.48716743e-06       1.11810573e-05
824       2.46864469e-06       2.47553901e-06       1.11204691e-05
825       2.45748043e-06       2.46398198e-06       1.10603165e-05
826       2.44637998e-06       2.45249579e-06       1.10006346e-05
827       2.43534270e-06       2.44108045e-06       1.09414308e-05
828       2.42436863e-06       2.42973502e-06       1.08826453e-05
829       2.41345803e-06       2.41846010e-06       1.08243072e-05
830       2.40260919e-06       2.40725494e-06       1.07663615e-05
831       2.39182190e-06       2.39611826e-06       1.07088358e-05
832       2.38109548e-06       2.38504920e-06       1.06518119e-05
833       2.37042962e-06       2.37404716e-06       1.05952851e-05
834       2.35982370e-06       2.36311215e-06       1.05392038e-05
835       2.34927730e-06       2.35224406e-06       1.04835265e-05
836       2.33878987e-06       2.34144157e-06       1.04282491e-05
837       2.32836109e-06       2.33070322e-06       1.03734299e-05
838       2.31799107e-06       2.32002876e-06       1.03189854e-05
839       2.30767972e-06       2.30941876e-06       1.02649838e-05
840       2.29744131e-06       2.29887184e-06       1.02113437e-05
841       2.28724423e-06       2.28838729e-06       1.01581314e-05
842       2.27710286e-06       2.27796536e-06       1.01053143e-05
843       2.26701934e-06       2.26760570e-06       1.00528994e-05
844       2.25699230e-06       2.25730754e-06       1.00008447e-05
845       2.24702088e-06       2.24706989e-06       9.94918525e-06
846       2.23710479e-06       2.23689182e-06       9.89792870e-06
847       2.22724370e-06       2.22677326e-06       9.84704786e-06
848       2.21743790e-06       2.21671387e-06       9.79658209e-06
849       2.20768669e-06       2.20671317e-06       9.74647587e-06
850       2.19798935e-06       2.19677025e-06       9.69669534e-06
851       2.18834610e-06       2.18688443e-06       9.64723564e-06
852       2.17875601e-06       2.17705559e-06       9.59811927e-06
853       2.16921902e-06       2.16728383e-06       9.54934269e-06
854       2.15973447e-06       2.15756829e-06       9.50096808e-06
855       2.15030221e-06       2.14790839e-06       9.45293214e-06
856       2.14092201e-06       2.13830344e-06       9.40525182e-06
857       2.13159336e-06       2.12875312e-06       9.35793900e-06
858       2.12231584e-06       2.11925775e-06       9.31097833e-06
859       2.11308946e-06       2.10981707e-06       9.26438104e-06
860       2.10391359e-06       2.10043029e-06       9.21808286e-06
861       2.09478745e-06       2.09109643e-06       9.17204803e-06
862       2.08571072e-06       2.08181558e-06       9.12629385e-06
863       2.07668325e-06       2.07258676e-06       9.08089446e-06
864       2.06770514e-06       2.06340967e-06       9.03583740e-06
865       2.05877543e-06       2.05428442e-06       8.99106273e-06
866       2.04989388e-06       2.04521012e-06       8.94657031e-06
867       2.04106032e-06       2.03618658e-06       8.90240540e-06
868       2.03227431e-06       2.02721357e-06       8.85860224e-06
869       2.02353611e-06       2.01829082e-06       8.81508479e-06
870       2.01484572e-06       2.00941732e-06       8.77184778e-06
871       2.00620270e-06       2.00059267e-06       8.72889971e-06
872       1.99760600e-06       1.99181647e-06       8.68629581e-06
873       1.98905526e-06       1.98308857e-06       8.64408469e-06
874       1.98055031e-06       1.97440860e-06       8.60216698e-06
875       1.97209070e-06       1.96577612e-06       8.56055251e-06
876       1.96367604e-06       1.95719168e-06       8.51922946e-06
877       1.95530675e-06       1.94865457e-06       8.47825096e-06
878       1.94698188e-06       1.94016410e-06       8.43756213e-06
879       1.93870092e-06       1.93171988e-06       8.39718450e-06
880       1.93046369e-06       1.92332130e-06       8.35709924e-06
881       1.92226982e-06       1.91496827e-06       8.31725981e-06
882       1.91411929e-06       1.90666104e-06       8.27769139e-06
883       1.90601148e-06       1.89839890e-06       8.23839503e-06
884       1.89794632e-06       1.89018159e-06       8.19937591e-06
885       1.88992329e-06       1.88200860e-06       8.16058034e-06
886       1.88194199e-06       1.87387987e-06       8.12207584e-06
887       1.87400287e-06       1.86579464e-06       8.08381654e-06
888       1.86610546e-06       1.85775245e-06       8.04589152e-06
889       1.85824954e-06       1.84975304e-06       8.00824847e-06
890       1.85043422e-06       1.84179581e-06       7.97086980e-06
891       1.84265959e-06       1.83388053e-06       7.93374836e-06
892       1.83492505e-06       1.82600686e-06       7.89687299e-06
893       1.82723009e-06       1.81817464e-06       7.86022891e-06
894       1.81957460e-06       1.81038374e-06       7.82382842e-06
895       1.81195886e-06       1.80263254e-06       7.78765413e-06
896       1.80438265e-06       1.79492431e-06       7.75173819e-06
897       1.79684512e-06       1.78725693e-06       7.71605891e-06
898       1.78934723e-06       1.77963042e-06       7.68063333e-06
899       1.78189267e-06       1.77204424e-06       7.64545246e-06
900       1.77447036e-06       1.76449815e-06       7.61049674e-06
901       1.76708453e-06       1.75699140e-06       7.57576842e-06
902       1.75973569e-06       1.74952407e-06       7.54126882e-06
903       1.75242382e-06       1.74209565e-06       7.50701776e-06
904       1.74514893e-06       1.73470611e-06       7.47297008e-06
905       1.73791074e-06       1.72735512e-06       7.43913622e-06
906       1.73070927e-06       1.72004231e-06       7.40557728e-06
907       1.72354373e-06       1.71276731e-06       7.37230373e-06
908       1.71641376e-06       1.70553016e-06       7.33925821e-06
909       1.70931907e-06       1.69833040e-06       7.30640715e-06
910       1.70225954e-06       1.69116775e-06       7.27374568e-06
911       1.69523537e-06       1.68404189e-06       7.24128181e-06
912       1.68824599e-06       1.67695247e-06       7.20901706e-06
913       1.68129098e-06       1.66989923e-06       7.17691081e-06
914       1.67437025e-06       1.66288196e-06       7.14496634e-06
915       1.66748384e-06       1.65590048e-06       7.11322160e-06
916       1.66063124e-06       1.64895464e-06       7.08168565e-06
917       1.65381237e-06       1.64204433e-06       7.05036655e-06
918       1.64702702e-06       1.63516901e-06       7.01920262e-06
919       1.64027501e-06       1.62832864e-06       6.98819032e-06
920       1.63355617e-06       1.62152295e-06       6.95733545e-06
921       1.62687015e-06       1.61475168e-06       6.92664523e-06
922       1.62021640e-06       1.60801464e-06       6.89614921e-06
923       1.61359499e-06       1.60131158e-06       6.86583099e-06
924       1.60700605e-06       1.59464237e-06       6.83567109e-06
925       1.60044887e-06       1.58800666e-06       6.80567437e-06
926       1.59392317e-06       1.58140417e-06       6.77587196e-06
927       1.58742876e-06       1.57483499e-06       6.74625247e-06
928       1.58096551e-06       1.56829896e-06       6.71683876e-06
929       1.57453324e-06       1.56179546e-06       6.68759667e-06
930       1.56813150e-06       1.55532450e-06       6.65851117e-06
931       1.56176015e-06       1.54888563e-06       6.62956782e-06
932       1.55541901e-06       1.54247867e-06       6.60081655e-06
933       1.54910785e-06       1.53610361e-06       6.57221890e-06
934       1.54282671e-06       1.52976020e-06       6.54377255e-06
935       1.53657538e-06       1.52344809e-06       6.51547550e-06
936       1.53035379e-06       1.51716703e-06       6.48731472e-06
937       1.52416167e-06       1.51091682e-06       6.45929234e-06
938       1.51799859e-06       1.50469724e-06       6.43139977e-06
939       1.51186435e-06       1.49850816e-06       6.40364826e-06
940       1.50575873e-06       1.49234933e-06       6.37603328e-06
941       1.49968158e-06       1.48622053e-06       6.34857228e-06
942       1.49363282e-06       1.48012156e-06       6.32127883e-06
943       1.48761224e-06       1.47405233e-06       6.29414014e-06
944       1.48161989e-06       1.46801270e-06       6.26715329e-06
945       1.47565581e-06       1.46200248e-06       6.24029329e-06
946       1.46971994e-06       1.45602134e-06       6.21355649e-06
947       1.46381153e-06       1.45006911e-06       6.18695242e-06
948       1.45793040e-06       1.44414571e-06       6.16047851e-06
949       1.45207647e-06       1.43825081e-06       6.13413864e-06
950       1.44624969e-06       1.43238443e-06       6.10793594e-06
951       1.44044984e-06       1.42654628e-06       6.08187762e-06
952       1.43467684e-06       1.42073623e-06       6.05595483e-06
953       1.42893035e-06       1.41495410e-06       6.03015300e-06
954       1.42321042e-06       1.40919994e-06       6.00446631e-06
955       1.41751718e-06       1.40347343e-06       5.97889950e-06
956       1.41185031e-06       1.39777446e-06       5.95345813e-06
957       1.40620986e-06       1.39210293e-06       5.92814230e-06
958       1.40059531e-06       1.38645845e-06       5.90295211e-06
959       1.39500643e-06       1.38084074e-06       5.87790041e-06
960       1.38944302e-06       1.37524975e-06       5.85298131e-06
961       1.38390498e-06       1.36968531e-06       5.82818265e-06
962       1.37839247e-06       1.36414723e-06       5.80350144e-06
963       1.37290513e-06       1.35863532e-06       5.77893378e-06
964       1.36744287e-06       1.35314951e-06       5.75448939e-06
965       1.36200554e-06       1.34768952e-06       5.73016436e-06
966       1.35659284e-06       1.34225534e-06       5.70597012e-06
967       1.35120468e-06       1.33684686e-06       5.68190720e-06
968       1.34584090e-06       1.33146366e-06       5.65796234e-06
969       1.34050146e-06       1.32610568e-06       5.63413388e-06
970       1.33518620e-06       1.32077280e-06       5.61044192e-06
971       1.32989539e-06       1.31546473e-06       5.58685325e-06
972       1.32462850e-06       1.31018134e-06       5.56337618e-06
973       1.31938543e-06       1.30492250e-06       5.54001495e-06
974       1.31416614e-06       1.29968822e-06       5.51676324e-06
975       1.30897055e-06       1.29447840e-06       5.49363193e-06
976       1.30379832e-06       1.28929288e-06       5.47060535e-06
977       1.29864942e-06       1.28413144e-06       5.44768226e-06
978       1.29352368e-06       1.27899403e-06       5.42487990e-06
979       1.28842100e-06       1.27388032e-06       5.40219137e-06
980       1.28334120e-06       1.26879020e-06       5.37960525e-06
981       1.27828418e-06       1.26372352e-06       5.35712419e-06
982       1.27324985e-06       1.25868022e-06       5.33476546e-06
983       1.26823805e-06       1.25366017e-06       5.31251378e-06
984       1.26324874e-06       1.24866318e-06       5.29036420e-06
985       1.25828170e-06       1.24368905e-06       5.26831963e-06
986       1.25333682e-06       1.23873761e-06       5.24638185e-06
987       1.24841397e-06       1.23380875e-06       5.22454512e-06
988       1.24351297e-06       1.22890243e-06       5.20281549e-06
989       1.23863380e-06       1.22401845e-06       5.18119487e-06
990       1.23377626e-06       1.21915671e-06       5.15965452e-06
991       1.22894029e-06       1.21431707e-06       5.13821445e-06
992       1.22412571e-06       1.20949940e-06       5.11687501e-06
993       1.21933249e-06       1.20470362e-06       5.09564860e-06
994       1.21456033e-06       1.19992954e-06       5.07451980e-06
995       1.20980922e-06       1.19517708e-06       5.05349016e-06
996       1.20507919e-06       1.19044615e-06       5.03256378e-06
997       1.20036993e-06       1.18573668e-06       5.01173852e-06
998       1.19568150e-06       1.18104851e-06       4.99101389e-06
999       1.19101370e-06       1.17638139e-06       4.97038215e-06
1000       1.18636650e-06       1.17173518e-06       4.94984301e-06
