faceResVel
         1 7  0   0   0   0   0   1   0 
        41 7  0   0   0   0   0   1   0 
        81 7  0   0   0   0   0   1   0 
       121 7  0   0   0   0   0   1   0 
       161 7  0   0   0   0   0   1   0 
       201 7  0   0   0   0   0   1   0 
       241 7  0   0   0   0   0   1   0 
       281 7  0   0   0   0   0   1   0 
       321 7  0   0   0   0   0   1   0 
       361 7  0   0   0   0   0   1   0 
       401 7  0   0   0   0   0   1   0 
       441 7  0   0   0   0   0   1   0 
       481 7  0   0   0   0   0   1   0 
       521 7  0   0   0   0   0   1   0 
       561 7  0   0   0   0   0   1   0 
       601 7  0   0   0   0   0   1   0 
       641 7  0   0   0   0   0   1   0 
       681 7  0   0   0   0   0   1   0 
       721 7  0   0   0   0   0   1   0 
       761 7  0   0   0   0   0   1   0 
       801 7  0   0   0   0   0   1   0 
       841 7  0   0   0   0   0   1   0 
       881 7  0   0   0   0   0   1   0 
       921 7  0   0   0   0   0   1   0 
       961 7  0   0   0   0   0   1   0 
      1001 7  0   0   0   0   0   1   0 
      1041 7  0   0   0   0   0   1   0 
      1081 7  0   0   0   0   0   1   0 
      1121 7  0   0   0   0   0   1   0 
      1161 7  0   0   0   0   0   1   0 
      1201 7  0   0   0   0   0   1   0 
      1241 7  0   0   0   0   0   1   0 
      1281 7  0   0   0   0   0   1   0 
      1321 7  0   0   0   0   0   1   0 
      1361 7  0   0   0   0   0   1   0 
      1401 7  0   0   0   0   0   1   0 
      1441 7  0   0   0   0   0   1   0 
      1481 7  0   0   0   0   0   1   0 
      1521 7  0   0   0   0   0   1   0 
      1561 7  0   0   0   0   0   1   0 
      1601 7  0   0   0   0   0   1   0 
      1641 7  0   0   0   0   0   1   0 
      1681 7  0   0   0   0   0   1   0 
      1721 7  0   0   0   0   0   1   0 
      1761 7  0   0   0   0   0   1   0 
      1801 7  0   0   0   0   0   1   0 
      1841 7  0   0   0   0   0   1   0 
      1881 7  0   0   0   0   0   1   0 
      1921 7  0   0   0   0   0   1   0 
      1961 7  0   0   0   0   0   1   0 
      2001 7  0   0   0   0   0   1   0 
      2041 7  0   0   0   0   0   1   0 
      2081 7  0   0   0   0   0   1   0 
      2121 7  0   0   0   0   0   1   0 
      2161 7  0   0   0   0   0   1   0 
      2201 7  0   0   0   0   0   1   0 
      2241 7  0   0   0   0   0   1   0 
      2281 7  0   0   0   0   0   1   0 
      2321 7  0   0   0   0   0   1   0 
      2361 7  0   0   0   0   0   1   0 
      2401 7  0   0   0   0   0   1   0 
      2441 7  0   0   0   0   0   1   0 
      2481 7  0   0   0   0   0   1   0 
      2521 7  0   0   0   0   0   1   0 
      2561 7  0   0   0   0   0   1   0 
      2601 7  0   0   0   0   0   1   0 
      2641 7  0   0   0   0   0   1   0 
      2681 7  0   0   0   0   0   1   0 
      2721 7  0   0   0   0   0   1   0 
      2761 7  0   0   0   0   0   1   0 
      2801 7  0   0   0   0   0   1   0 
      2841 7  0   0   0   0   0   1   0 
      2881 7  0   0   0   0   0   1   0 
      2921 7  0   0   0   0   0   1   0 
      2961 7  0   0   0   0   0   1   0 
      3001 7  0   0   0   0   0   1   0 
      3041 7  0   0   0   0   0   1   0 
      3081 7  0   0   0   0   0   1   0 
      3121 7  0   0   0   0   0   1   0 
      3161 7  0   0   0   0   0   1   0 
      3201 7  0   0   0   0   0   1   0 
      3241 7  0   0   0   0   0   1   0 
      3281 7  0   0   0   0   0   1   0 
      3321 7  0   0   0   0   0   1   0 
      3361 7  0   0   0   0   0   1   0 
      3401 7  0   0   0   0   0   1   0 
      3441 7  0   0   0   0   0   1   0 
      3481 7  0   0   0   0   0   1   0 
      3521 7  0   0   0   0   0   1   0 
      3561 7  0   0   0   0   0   1   0 
      3601 7  0   0   0   0   0   1   0 
      3641 7  0   0   0   0   0   1   0 
      3681 7  0   0   0   0   0   1   0 
      3721 7  0   0   0   0   0   1   0 
      3761 7  0   0   0   0   0   1   0 
      3801 7  0   0   0   0   0   1   0 
      3841 7  0   0   0   0   0   1   0 
      3881 7  0   0   0   0   0   1   0 
      3921 7  0   0   0   0   0   1   0 
      3961 7  0   0   0   0   0   1   0 
      4001 7  0   0   0   0   0   1   0 
      4041 7  0   0   0   0   0   1   0 
      4081 7  0   0   0   0   0   1   0 
      4121 7  0   0   0   0   0   1   0 
      4161 7  0   0   0   0   0   1   0 
      4201 7  0   0   0   0   0   1   0 
      4241 7  0   0   0   0   0   1   0 
      4281 7  0   0   0   0   0   1   0 
      4321 7  0   0   0   0   0   1   0 
      4361 7  0   0   0   0   0   1   0 
      4401 7  0   0   0   0   0   1   0 
      4441 7  0   0   0   0   0   1   0 
      4481 7  0   0   0   0   0   1   0 
      4521 7  0   0   0   0   0   1   0 
      4561 7  0   0   0   0   0   1   0 
      4601 7  0   0   0   0   0   1   0 
      4641 7  0   0   0   0   0   1   0 
      4681 7  0   0   0   0   0   1   0 
      4721 7  0   0   0   0   0   1   0 
      4761 7  0   0   0   0   0   1   0 
      4801 7  0   0   0   0   0   1   0 
      4841 7  0   0   0   0   0   1   0 
      4881 7  0   0   0   0   0   1   0 
      4921 7  0   0   0   0   0   1   0 
      4961 7  0   0   0   0   0   1   0 
      5001 7  0   0   0   0   0   1   0 
      5041 7  0   0   0   0   0   1   0 
      5081 7  0   0   0   0   0   1   0 
      5121 7  0   0   0   0   0   1   0 
      5161 7  0   0   0   0   0   1   0 
      5201 7  0   0   0   0   0   1   0 
      5241 7  0   0   0   0   0   1   0 
      5281 7  0   0   0   0   0   1   0 
      5321 7  0   0   0   0   0   1   0 
      5361 7  0   0   0   0   0   1   0 
      5401 7  0   0   0   0   0   1   0 
      5441 7  0   0   0   0   0   1   0 
      5481 7  0   0   0   0   0   1   0 
      5521 7  0   0   0   0   0   1   0 
      5561 7  0   0   0   0   0   1   0 
      5601 7  0   0   0   0   0   1   0 
      5641 7  0   0   0   0   0   1   0 
      5681 7  0   0   0   0   0   1   0 
      5721 7  0   0   0   0   0   1   0 
      5761 7  0   0   0   0   0   1   0 
      5801 7  0   0   0   0   0   1   0 
      5841 7  0   0   0   0   0   1   0 
      5881 7  0   0   0   0   0   1   0 
      5921 7  0   0   0   0   0   1   0 
      5961 7  0   0   0   0   0   1   0 
      6001 7  0   0   0   0   0   1   0 
      6041 7  0   0   0   0   0   1   0 
      6081 7  0   0   0   0   0   1   0 
      6121 7  0   0   0   0   0   1   0 
      6161 7  0   0   0   0   0   1   0 
      6201 7  0   0   0   0   0   1   0 
      6241 7  0   0   0   0   0   1   0 
      6281 7  0   0   0   0   0   1   0 
      6321 7  0   0   0   0   0   1   0 
      6361 7  0   0   0   0   0   1   0 
      6401 7  0   0   0   0   0   1   0 
      6441 7  0   0   0   0   0   1   0 
      6481 7  0   0   0   0   0   1   0 
      6521 7  0   0   0   0   0   1   0 
      6561 7  0   0   0   0   0   1   0 
      6601 7  0   0   0   0   0   1   0 
      6641 7  0   0   0   0   0   1   0 
      6681 7  0   0   0   0   0   1   0 
      6721 7  0   0   0   0   0   1   0 
      6761 7  0   0   0   0   0   1   0 
      6801 7  0   0   0   0   0   1   0 
      6841 7  0   0   0   0   0   1   0 
      6881 7  0   0   0   0   0   1   0 
      6921 7  0   0   0   0   0   1   0 
      6961 7  0   0   0   0   0   1   0 
      7001 7  0   0   0   0   0   1   0 
      7041 7  0   0   0   0   0   1   0 
      7081 7  0   0   0   0   0   1   0 
      7121 7  0   0   0   0   0   1   0 
      7161 7  0   0   0   0   0   1   0 
      7201 7  0   0   0   0   0   1   0 
      7241 7  0   0   0   0   0   1   0 
      7281 7  0   0   0   0   0   1   0 
      7321 7  0   0   0   0   0   1   0 
      7361 7  0   0   0   0   0   1   0 
      7401 7  0   0   0   0   0   1   0 
      7441 7  0   0   0   0   0   1   0 
      7481 7  0   0   0   0   0   1   0 
      7521 7  0   0   0   0   0   1   0 
      7561 7  0   0   0   0   0   1   0 
      7601 7  0   0   0   0   0   1   0 
      7641 7  0   0   0   0   0   1   0 
      7681 7  0   0   0   0   0   1   0 
      7721 7  0   0   0   0   0   1   0 
      7761 7  0   0   0   0   0   1   0 
      7801 7  0   0   0   0   0   1   0 
      7841 7  0   0   0   0   0   1   0 
      7881 7  0   0   0   0   0   1   0 
      7921 7  0   0   0   0   0   1   0 
      7961 7  0   0   0   0   0   1   0 
      8001 7  0   0   0   0   0   1   0 
      8041 7  0   0   0   0   0   1   0 
      8081 7  0   0   0   0   0   1   0 
      8121 7  0   0   0   0   0   1   0 
      8161 7  0   0   0   0   0   1   0 
      8201 7  0   0   0   0   0   1   0 
      8241 7  0   0   0   0   0   1   0 
      8281 7  0   0   0   0   0   1   0 
      8321 7  0   0   0   0   0   1   0 
      8361 7  0   0   0   0   0   1   0 
      8401 7  0   0   0   0   0   1   0 
      8441 7  0   0   0   0   0   1   0 
      8481 7  0   0   0   0   0   1   0 
      8521 7  0   0   0   0   0   1   0 
      8561 7  0   0   0   0   0   1   0 
      8601 7  0   0   0   0   0   1   0 
      8641 7  0   0   0   0   0   1   0 
      8681 7  0   0   0   0   0   1   0 
      8721 7  0   0   0   0   0   1   0 
      8761 7  0   0   0   0   0   1   0 
      8801 7  0   0   0   0   0   1   0 
      8841 7  0   0   0   0   0   1   0 
      8881 7  0   0   0   0   0   1   0 
      8921 7  0   0   0   0   0   1   0 
      8961 7  0   0   0   0   0   1   0 
      9001 7  0   0   0   0   0   1   0 
      9041 7  0   0   0   0   0   1   0 
      9081 7  0   0   0   0   0   1   0 
      9121 7  0   0   0   0   0   1   0 
      9161 7  0   0   0   0   0   1   0 
      9201 7  0   0   0   0   0   1   0 
      9241 7  0   0   0   0   0   1   0 
      9281 7  0   0   0   0   0   1   0 
      9321 7  0   0   0   0   0   1   0 
      9361 7  0   0   0   0   0   1   0 
      9401 7  0   0   0   0   0   1   0 
      9441 7  0   0   0   0   0   1   0 
      9481 7  0   0   0   0   0   1   0 
      9521 7  0   0   0   0   0   1   0 
      9561 7  0   0   0   0   0   1   0 
      9601 7  0   0   0   0   0   1   0 
      9641 7  0   0   0   0   0   1   0 
      9681 7  0   0   0   0   0   1   0 
      9721 7  0   0   0   0   0   1   0 
      9761 7  0   0   0   0   0   1   0 
      9801 7  0   0   0   0   0   1   0 
      9841 7  0   0   0   0   0   1   0 
      9881 7  0   0   0   0   0   1   0 
      9921 7  0   0   0   0   0   1   0 
      9961 7  0   0   0   0   0   1   0 
     10001 7  0   0   0   0   0   1   0 
     10041 7  0   0   0   0   0   1   0 
     10081 7  0   0   0   0   0   1   0 
     10121 7  0   0   0   0   0   1   0 
     10161 7  0   0   0   0   0   1   0 
     10201 7  0   0   0   0   0   1   0 
     10241 7  0   0   0   0   0   1   0 
     10281 7  0   0   0   0   0   1   0 
     10321 7  0   0   0   0   0   1   0 
     10361 7  0   0   0   0   0   1   0 
     10401 7  0   0   0   0   0   1   0 
     10441 7  0   0   0   0   0   1   0 
     10481 7  0   0   0   0   0   1   0 
     10521 7  0   0   0   0   0   1   0 
     10561 7  0   0   0   0   0   1   0 
     10601 7  0   0   0   0   0   1   0 
     10641 7  0   0   0   0   0   1   0 
     10681 7  0   0   0   0   0   1   0 
     10721 7  0   0   0   0   0   1   0 
     10761 7  0   0   0   0   0   1   0 
     10801 7  0   0   0   0   0   1   0 
     10841 7  0   0   0   0   0   1   0 
     10881 7  0   0   0   0   0   1   0 
     10921 7  0   0   0   0   0   1   0 
     10961 7  0   0   0   0   0   1   0 
     11001 7  0   0   0   0   0   1   0 
     11041 7  0   0   0   0   0   1   0 
     11081 7  0   0   0   0   0   1   0 
     11121 7  0   0   0   0   0   1   0 
     11161 7  0   0   0   0   0   1   0 
     11201 7  0   0   0   0   0   1   0 
     11241 7  0   0   0   0   0   1   0 
     11281 7  0   0   0   0   0   1   0 
     11321 7  0   0   0   0   0   1   0 
     11361 7  0   0   0   0   0   1   0 
     11401 7  0   0   0   0   0   1   0 
     11441 7  0   0   0   0   0   1   0 
     11481 7  0   0   0   0   0   1   0 
     11521 7  0   0   0   0   0   1   0 
     11561 7  0   0   0   0   0   1   0 
     11601 7  0   0   0   0   0   1   0 
     11641 7  0   0   0   0   0   1   0 
     11681 7  0   0   0   0   0   1   0 
     11721 7  0   0   0   0   0   1   0 
     11761 7  0   0   0   0   0   1   0 
     11801 7  0   0   0   0   0   1   0 
     11841 7  0   0   0   0   0   1   0 
     11881 7  0   0   0   0   0   1   0 
     11921 7  0   0   0   0   0   1   0 
     11961 7  0   0   0   0   0   1   0 
     12001 7  0   0   0   0   0   1   0 
     12041 7  0   0   0   0   0   1   0 
     12081 7  0   0   0   0   0   1   0 
     12121 7  0   0   0   0   0   1   0 
     12161 7  0   0   0   0   0   1   0 
     12201 7  0   0   0   0   0   1   0 
     12241 7  0   0   0   0   0   1   0 
     12281 7  0   0   0   0   0   1   0 
     12321 7  0   0   0   0   0   1   0 
     12361 7  0   0   0   0   0   1   0 
     12401 7  0   0   0   0   0   1   0 
     12441 7  0   0   0   0   0   1   0 
     12481 7  0   0   0   0   0   1   0 
     12521 7  0   0   0   0   0   1   0 
     12561 7  0   0   0   0   0   1   0 
     12601 7  0   0   0   0   0   1   0 
     12641 7  0   0   0   0   0   1   0 
     12681 7  0   0   0   0   0   1   0 
     12721 7  0   0   0   0   0   1   0 
     12761 7  0   0   0   0   0   1   0 
     12801 7  0   0   0   0   0   1   0 
     12841 7  0   0   0   0   0   1   0 
     12881 7  0   0   0   0   0   1   0 
     12921 7  0   0   0   0   0   1   0 
     12961 7  0   0   0   0   0   1   0 
     13001 7  0   0   0   0   0   1   0 
     13041 7  0   0   0   0   0   1   0 
     13081 7  0   0   0   0   0   1   0 
     13121 7  0   0   0   0   0   1   0 
     13161 7  0   0   0   0   0   1   0 
     13201 7  0   0   0   0   0   1   0 
     13241 7  0   0   0   0   0   1   0 
     13281 7  0   0   0   0   0   1   0 
     13321 7  0   0   0   0   0   1   0 
     13361 7  0   0   0   0   0   1   0 
     13401 7  0   0   0   0   0   1   0 
     13441 7  0   0   0   0   0   1   0 
     13481 7  0   0   0   0   0   1   0 
     13521 7  0   0   0   0   0   1   0 
     13561 7  0   0   0   0   0   1   0 
     13601 7  0   0   0   0   0   1   0 
     13641 7  0   0   0   0   0   1   0 
     13681 7  0   0   0   0   0   1   0 
     13721 7  0   0   0   0   0   1   0 
     13761 7  0   0   0   0   0   1   0 
     13801 7  0   0   0   0   0   1   0 
     13841 7  0   0   0   0   0   1   0 
     13881 7  0   0   0   0   0   1   0 
     13921 7  0   0   0   0   0   1   0 
     13961 7  0   0   0   0   0   1   0 
     14001 7  0   0   0   0   0   1   0 
     14041 7  0   0   0   0   0   1   0 
     14081 7  0   0   0   0   0   1   0 
     14121 7  0   0   0   0   0   1   0 
     14161 7  0   0   0   0   0   1   0 
     14201 7  0   0   0   0   0   1   0 
     14241 7  0   0   0   0   0   1   0 
     14281 7  0   0   0   0   0   1   0 
     14321 7  0   0   0   0   0   1   0 
     14361 7  0   0   0   0   0   1   0 
     14401 7  0   0   0   0   0   1   0 
     14441 7  0   0   0   0   0   1   0 
     14481 7  0   0   0   0   0   1   0 
     14521 7  0   0   0   0   0   1   0 
     14561 7  0   0   0   0   0   1   0 
     14601 7  0   0   0   0   0   1   0 
     14641 7  0   0   0   0   0   1   0 
     14681 7  0   0   0   0   0   1   0 
     14721 7  0   0   0   0   0   1   0 
     14761 7  0   0   0   0   0   1   0 
     14801 7  0   0   0   0   0   1   0 
     14841 7  0   0   0   0   0   1   0 
     14881 7  0   0   0   0   0   1   0 
     14921 7  0   0   0   0   0   1   0 
     14961 7  0   0   0   0   0   1   0 
     15001 7  0   0   0   0   0   1   0 
     15041 7  0   0   0   0   0   1   0 
     15081 7  0   0   0   0   0   1   0 
     15121 7  0   0   0   0   0   1   0 
     15161 7  0   0   0   0   0   1   0 
     15201 7  0   0   0   0   0   1   0 
     15241 7  0   0   0   0   0   1   0 
     15281 7  0   0   0   0   0   1   0 
     15321 7  0   0   0   0   0   1   0 
     15361 7  0   0   0   0   0   1   0 
     15401 7  0   0   0   0   0   1   0 
     15441 7  0   0   0   0   0   1   0 
     15481 7  0   0   0   0   0   1   0 
     15521 7  0   0   0   0   0   1   0 
     15561 7  0   0   0   0   0   1   0 
     15601 7  0   0   0   0   0   1   0 
     15641 7  0   0   0   0   0   1   0 
     15681 7  0   0   0   0   0   1   0 
     15721 7  0   0   0   0   0   1   0 
     15761 7  0   0   0   0   0   1   0 
     15801 7  0   0   0   0   0   1   0 
     15841 7  0   0   0   0   0   1   0 
     15881 7  0   0   0   0   0   1   0 
     15921 7  0   0   0   0   0   1   0 
     15961 7  0   0   0   0   0   1   0 
     16001 7  0   0   0   0   0   1   0 
     16041 7  0   0   0   0   0   1   0 
     16081 7  0   0   0   0   0   1   0 
     16121 7  0   0   0   0   0   1   0 
     16161 7  0   0   0   0   0   1   0 
     16201 7  0   0   0   0   0   1   0 
     16241 7  0   0   0   0   0   1   0 
     16281 7  0   0   0   0   0   1   0 
     16321 7  0   0   0   0   0   1   0 
     16361 7  0   0   0   0   0   1   0 
     16401 7  0   0   0   0   0   1   0 
     16441 7  0   0   0   0   0   1   0 
     16481 7  0   0   0   0   0   1   0 
     16521 7  0   0   0   0   0   1   0 
     16561 7  0   0   0   0   0   1   0 
     16601 7  0   0   0   0   0   1   0 
     16641 7  0   0   0   0   0   1   0 
     16681 7  0   0   0   0   0   1   0 
     16721 7  0   0   0   0   0   1   0 
     16761 7  0   0   0   0   0   1   0 
     16801 7  0   0   0   0   0   1   0 
     16841 7  0   0   0   0   0   1   0 
     16881 7  0   0   0   0   0   1   0 
     16921 7  0   0   0   0   0   1   0 
     16961 7  0   0   0   0   0   1   0 
     17001 7  0   0   0   0   0   1   0 
     17041 7  0   0   0   0   0   1   0 
     17081 7  0   0   0   0   0   1   0 
     17121 7  0   0   0   0   0   1   0 
     17161 7  0   0   0   0   0   1   0 
     17201 7  0   0   0   0   0   1   0 
     17241 7  0   0   0   0   0   1   0 
     17281 7  0   0   0   0   0   1   0 
     17321 7  0   0   0   0   0   1   0 
     17361 7  0   0   0   0   0   1   0 
     17401 7  0   0   0   0   0   1   0 
     17441 7  0   0   0   0   0   1   0 
     17481 7  0   0   0   0   0   1   0 
     17521 7  0   0   0   0   0   1   0 
     17561 7  0   0   0   0   0   1   0 
     17601 7  0   0   0   0   0   1   0 
     17641 7  0   0   0   0   0   1   0 
     17681 7  0   0   0   0   0   1   0 
     17721 7  0   0   0   0   0   1   0 
     17761 7  0   0   0   0   0   1   0 
     17801 7  0   0   0   0   0   1   0 
     17841 7  0   0   0   0   0   1   0 
     17881 7  0   0   0   0   0   1   0 
     17921 7  0   0   0   0   0   1   0 
     17961 7  0   0   0   0   0   1   0 
     18001 7  0   0   0   0   0   1   0 
     18041 7  0   0   0   0   0   1   0 
     18081 7  0   0   0   0   0   1   0 
     18121 7  0   0   0   0   0   1   0 
     18161 7  0   0   0   0   0   1   0 
     18201 7  0   0   0   0   0   1   0 
     18241 7  0   0   0   0   0   1   0 
     18281 7  0   0   0   0   0   1   0 
     18321 7  0   0   0   0   0   1   0 
     18361 7  0   0   0   0   0   1   0 
     18401 7  0   0   0   0   0   1   0 
     18441 7  0   0   0   0   0   1   0 
     18481 7  0   0   0   0   0   1   0 
     18521 7  0   0   0   0   0   1   0 
     18561 7  0   0   0   0   0   1   0 
     18601 7  0   0   0   0   0   1   0 
     18641 7  0   0   0   0   0   1   0 
     18681 7  0   0   0   0   0   1   0 
     18721 7  0   0   0   0   0   1   0 
     18761 7  0   0   0   0   0   1   0 
     18801 7  0   0   0   0   0   1   0 
     18841 7  0   0   0   0   0   1   0 
     18881 7  0   0   0   0   0   1   0 
     18921 7  0   0   0   0   0   1   0 
     18961 7  0   0   0   0   0   1   0 
     19001 7  0   0   0   0   0   1   0 
     19041 7  0   0   0   0   0   1   0 
     19081 7  0   0   0   0   0   1   0 
     19121 7  0   0   0   0   0   1   0 
     19161 7  0   0   0   0   0   1   0 
     19201 7  0   0   0   0   0   1   0 
     19241 7  0   0   0   0   0   1   0 
     19281 7  0   0   0   0   0   1   0 
     19321 7  0   0   0   0   0   1   0 
     19361 7  0   0   0   0   0   1   0 
     19401 7  0   0   0   0   0   1   0 
     19441 7  0   0   0   0   0   1   0 
     19481 7  0   0   0   0   0   1   0 
     19521 7  0   0   0   0   0   1   0 
     19561 7  0   0   0   0   0   1   0 
     19601 7  0   0   0   0   0   1   0 
     19641 7  0   0   0   0   0   1   0 
     19681 7  0   0   0   0   0   1   0 
     19721 7  0   0   0   0   0   1   0 
     19761 7  0   0   0   0   0   1   0 
     19801 7  0   0   0   0   0   1   0 
     19841 7  0   0   0   0   0   1   0 
     19881 7  0   0   0   0   0   1   0 
     19921 7  0   0   0   0   0   1   0 
     19961 7  0   0   0   0   0   1   0 
     20001 7  0   0   0   0   0   1   0 
     20041 7  0   0   0   0   0   1   0 
     20081 7  0   0   0   0   0   1   0 
     20121 7  0   0   0   0   0   1   0 
     20161 7  0   0   0   0   0   1   0 
     20201 7  0   0   0   0   0   1   0 
     20241 7  0   0   0   0   0   1   0 
     20281 7  0   0   0   0   0   1   0 
     20321 7  0   0   0   0   0   1   0 
     20361 7  0   0   0   0   0   1   0 
     20401 7  0   0   0   0   0   1   0 
     20441 7  0   0   0   0   0   1   0 
     20481 7  0   0   0   0   0   1   0 
     20521 7  0   0   0   0   0   1   0 
     20561 7  0   0   0   0   0   1   0 
     20601 7  0   0   0   0   0   1   0 
     20641 7  0   0   0   0   0   1   0 
     20681 7  0   0   0   0   0   1   0 
     20721 7  0   0   0   0   0   1   0 
     20761 7  0   0   0   0   0   1   0 
     20801 7  0   0   0   0   0   1   0 
     20841 7  0   0   0   0   0   1   0 
     20881 7  0   0   0   0   0   1   0 
     20921 7  0   0   0   0   0   1   0 
     20961 7  0   0   0   0   0   1   0 
     21001 7  0   0   0   0   0   1   0 
     21041 7  0   0   0   0   0   1   0 
     21081 7  0   0   0   0   0   1   0 
     21121 7  0   0   0   0   0   1   0 
     21161 7  0   0   0   0   0   1   0 
     21201 7  0   0   0   0   0   1   0 
     21241 7  0   0   0   0   0   1   0 
     21281 7  0   0   0   0   0   1   0 
     21321 7  0   0   0   0   0   1   0 
     21361 7  0   0   0   0   0   1   0 
     21401 7  0   0   0   0   0   1   0 
     21441 7  0   0   0   0   0   1   0 
     21481 7  0   0   0   0   0   1   0 
     21521 7  0   0   0   0   0   1   0 
     21561 7  0   0   0   0   0   1   0 
     21601 7  0   0   0   0   0   1   0 
     21641 7  0   0   0   0   0   1   0 
     21681 7  0   0   0   0   0   1   0 
     21721 7  0   0   0   0   0   1   0 
     21761 7  0   0   0   0   0   1   0 
     21801 7  0   0   0   0   0   1   0 
     21841 7  0   0   0   0   0   1   0 
     21881 7  0   0   0   0   0   1   0 
     21921 7  0   0   0   0   0   1   0 
     21961 7  0   0   0   0   0   1   0 
     22001 7  0   0   0   0   0   1   0 
     22041 7  0   0   0   0   0   1   0 
     22081 7  0   0   0   0   0   1   0 
     22121 7  0   0   0   0   0   1   0 
     22161 7  0   0   0   0   0   1   0 
     22201 7  0   0   0   0   0   1   0 
     22241 7  0   0   0   0   0   1   0 
     22281 7  0   0   0   0   0   1   0 
     22321 7  0   0   0   0   0   1   0 
     22361 7  0   0   0   0   0   1   0 
     22401 7  0   0   0   0   0   1   0 
     22441 7  0   0   0   0   0   1   0 
     22481 7  0   0   0   0   0   1   0 
     22521 7  0   0   0   0   0   1   0 
     22561 7  0   0   0   0   0   1   0 
     22601 7  0   0   0   0   0   1   0 
     22641 7  0   0   0   0   0   1   0 
     22681 7  0   0   0   0   0   1   0 
     22721 7  0   0   0   0   0   1   0 
     22761 7  0   0   0   0   0   1   0 
     22801 7  0   0   0   0   0   1   0 
     22841 7  0   0   0   0   0   1   0 
     22881 7  0   0   0   0   0   1   0 
     22921 7  0   0   0   0   0   1   0 
     22961 7  0   0   0   0   0   1   0 
     23001 7  0   0   0   0   0   1   0 
     23041 7  0   0   0   0   0   1   0 
     23081 7  0   0   0   0   0   1   0 
     23121 7  0   0   0   0   0   1   0 
     23161 7  0   0   0   0   0   1   0 
     23201 7  0   0   0   0   0   1   0 
     23241 7  0   0   0   0   0   1   0 
     23281 7  0   0   0   0   0   1   0 
     23321 7  0   0   0   0   0   1   0 
     23361 7  0   0   0   0   0   1   0 
     23401 7  0   0   0   0   0   1   0 
     23441 7  0   0   0   0   0   1   0 
     23481 7  0   0   0   0   0   1   0 
     23521 7  0   0   0   0   0   1   0 
     23561 7  0   0   0   0   0   1   0 
     23601 7  0   0   0   0   0   1   0 
     23641 7  0   0   0   0   0   1   0 
     23681 7  0   0   0   0   0   1   0 
     23721 7  0   0   0   0   0   1   0 
     23761 7  0   0   0   0   0   1   0 
     23801 7  0   0   0   0   0   1   0 
     23841 7  0   0   0   0   0   1   0 
     23881 7  0   0   0   0   0   1   0 
     23921 7  0   0   0   0   0   1   0 
     23961 7  0   0   0   0   0   1   0 
     24001 7  0   0   0   0   0   1   0 
     24041 7  0   0   0   0   0   1   0 
     24081 7  0   0   0   0   0   1   0 
     24121 7  0   0   0   0   0   1   0 
     24161 7  0   0   0   0   0   1   0 
     24201 7  0   0   0   0   0   1   0 
     24241 7  0   0   0   0   0   1   0 
     24281 7  0   0   0   0   0   1   0 
     24321 7  0   0   0   0   0   1   0 
     24361 7  0   0   0   0   0   1   0 
     24401 7  0   0   0   0   0   1   0 
     24441 7  0   0   0   0   0   1   0 
     24481 7  0   0   0   0   0   1   0 
     24521 7  0   0   0   0   0   1   0 
     24561 7  0   0   0   0   0   1   0 
     24601 7  0   0   0   0   0   1   0 
     24641 7  0   0   0   0   0   1   0 
     24681 7  0   0   0   0   0   1   0 
     24721 7  0   0   0   0   0   1   0 
     24761 7  0   0   0   0   0   1   0 
     24801 7  0   0   0   0   0   1   0 
     24841 7  0   0   0   0   0   1   0 
     24881 7  0   0   0   0   0   1   0 
     24921 7  0   0   0   0   0   1   0 
     24961 7  0   0   0   0   0   1   0 
     25001 7  0   0   0   0   0   1   0 
     25041 7  0   0   0   0   0   1   0 
     25081 7  0   0   0   0   0   1   0 
     25121 7  0   0   0   0   0   1   0 
     25161 7  0   0   0   0   0   1   0 
     25201 7  0   0   0   0   0   1   0 
     25241 7  0   0   0   0   0   1   0 
     25281 7  0   0   0   0   0   1   0 
     25321 7  0   0   0   0   0   1   0 
     25361 7  0   0   0   0   0   1   0 
     25401 7  0   0   0   0   0   1   0 
     25441 7  0   0   0   0   0   1   0 
     25481 7  0   0   0   0   0   1   0 
     25521 7  0   0   0   0   0   1   0 
     25561 7  0   0   0   0   0   1   0 
     25601 7  0   0   0   0   0   1   0 
     25641 7  0   0   0   0   0   1   0 
     25681 7  0   0   0   0   0   1   0 
     25721 7  0   0   0   0   0   1   0 
     25761 7  0   0   0   0   0   1   0 
     25801 7  0   0   0   0   0   1   0 
     25841 7  0   0   0   0   0   1   0 
     25881 7  0   0   0   0   0   1   0 
     25921 7  0   0   0   0   0   1   0 
     25961 7  0   0   0   0   0   1   0 
     26001 7  0   0   0   0   0   1   0 
     26041 7  0   0   0   0   0   1   0 
     26081 7  0   0   0   0   0   1   0 
     26121 7  0   0   0   0   0   1   0 
     26161 7  0   0   0   0   0   1   0 
     26201 7  0   0   0   0   0   1   0 
     26241 7  0   0   0   0   0   1   0 
     26281 7  0   0   0   0   0   1   0 
     26321 7  0   0   0   0   0   1   0 
     26361 7  0   0   0   0   0   1   0 
     26401 7  0   0   0   0   0   1   0 
     26441 7  0   0   0   0   0   1   0 
     26481 7  0   0   0   0   0   1   0 
     26521 7  0   0   0   0   0   1   0 
     26561 7  0   0   0   0   0   1   0 
     26601 7  0   0   0   0   0   1   0 
     26641 7  0   0   0   0   0   1   0 
     26681 7  0   0   0   0   0   1   0 
     26721 7  0   0   0   0   0   1   0 
     26761 7  0   0   0   0   0   1   0 
     26801 7  0   0   0   0   0   1   0 
     26841 7  0   0   0   0   0   1   0 
     26881 7  0   0   0   0   0   1   0 
     26921 7  0   0   0   0   0   1   0 
     26961 7  0   0   0   0   0   1   0 
     27001 7  0   0   0   0   0   1   0 
     27041 7  0   0   0   0   0   1   0 
     27081 7  0   0   0   0   0   1   0 
     27121 7  0   0   0   0   0   1   0 
     27161 7  0   0   0   0   0   1   0 
     27201 7  0   0   0   0   0   1   0 
     27241 7  0   0   0   0   0   1   0 
     27281 7  0   0   0   0   0   1   0 
     27321 7  0   0   0   0   0   1   0 
     27361 7  0   0   0   0   0   1   0 
     27401 7  0   0   0   0   0   1   0 
     27441 7  0   0   0   0   0   1   0 
     27481 7  0   0   0   0   0   1   0 
     27521 7  0   0   0   0   0   1   0 
     27561 7  0   0   0   0   0   1   0 
     27601 7  0   0   0   0   0   1   0 
     27641 7  0   0   0   0   0   1   0 
     27681 7  0   0   0   0   0   1   0 
     27721 7  0   0   0   0   0   1   0 
     27761 7  0   0   0   0   0   1   0 
     27801 7  0   0   0   0   0   1   0 
     27841 7  0   0   0   0   0   1   0 
     27881 7  0   0   0   0   0   1   0 
     27921 7  0   0   0   0   0   1   0 
     27961 7  0   0   0   0   0   1   0 
     28001 7  0   0   0   0   0   1   0 
     28041 7  0   0   0   0   0   1   0 
     28081 7  0   0   0   0   0   1   0 
     28121 7  0   0   0   0   0   1   0 
     28161 7  0   0   0   0   0   1   0 
     28201 7  0   0   0   0   0   1   0 
     28241 7  0   0   0   0   0   1   0 
     28281 7  0   0   0   0   0   1   0 
     28321 7  0   0   0   0   0   1   0 
     28361 7  0   0   0   0   0   1   0 
     28401 7  0   0   0   0   0   1   0 
     28441 7  0   0   0   0   0   1   0 
     28481 7  0   0   0   0   0   1   0 
     28521 7  0   0   0   0   0   1   0 
     28561 7  0   0   0   0   0   1   0 
     28601 7  0   0   0   0   0   1   0 
     28641 7  0   0   0   0   0   1   0 
     28681 7  0   0   0   0   0   1   0 
     28721 7  0   0   0   0   0   1   0 
     28761 7  0   0   0   0   0   1   0 
     28801 7  0   0   0   0   0   1   0 
     28841 7  0   0   0   0   0   1   0 
     28881 7  0   0   0   0   0   1   0 
     28921 7  0   0   0   0   0   1   0 
     28961 7  0   0   0   0   0   1   0 
     29001 7  0   0   0   0   0   1   0 
     29041 7  0   0   0   0   0   1   0 
     29081 7  0   0   0   0   0   1   0 
     29121 7  0   0   0   0   0   1   0 
     29161 7  0   0   0   0   0   1   0 
     29201 7  0   0   0   0   0   1   0 
     29241 7  0   0   0   0   0   1   0 
     29281 7  0   0   0   0   0   1   0 
     29321 7  0   0   0   0   0   1   0 
     29361 7  0   0   0   0   0   1   0 
     29401 7  0   0   0   0   0   1   0 
     29441 7  0   0   0   0   0   1   0 
     29481 7  0   0   0   0   0   1   0 
     29521 7  0   0   0   0   0   1   0 
     29561 7  0   0   0   0   0   1   0 
     29601 7  0   0   0   0   0   1   0 
     29641 7  0   0   0   0   0   1   0 
     29681 7  0   0   0   0   0   1   0 
     29721 7  0   0   0   0   0   1   0 
     29761 7  0   0   0   0   0   1   0 
     29801 7  0   0   0   0   0   1   0 
     29841 7  0   0   0   0   0   1   0 
     29881 7  0   0   0   0   0   1   0 
     29921 7  0   0   0   0   0   1   0 
     29961 7  0   0   0   0   0   1   0 
     30001 7  0   0   0   0   0   1   0 
     30041 7  0   0   0   0   0   1   0 
     30081 7  0   0   0   0   0   1   0 
     30121 7  0   0   0   0   0   1   0 
     30161 7  0   0   0   0   0   1   0 
     30201 7  0   0   0   0   0   1   0 
     30241 7  0   0   0   0   0   1   0 
     30281 7  0   0   0   0   0   1   0 
     30321 7  0   0   0   0   0   1   0 
     30361 7  0   0   0   0   0   1   0 
     30401 7  0   0   0   0   0   1   0 
     30441 7  0   0   0   0   0   1   0 
     30481 7  0   0   0   0   0   1   0 
     30521 7  0   0   0   0   0   1   0 
     30561 7  0   0   0   0   0   1   0 
     30601 7  0   0   0   0   0   1   0 
     30641 7  0   0   0   0   0   1   0 
     30681 7  0   0   0   0   0   1   0 
     30721 7  0   0   0   0   0   1   0 
     30761 7  0   0   0   0   0   1   0 
     30801 7  0   0   0   0   0   1   0 
     30841 7  0   0   0   0   0   1   0 
     30881 7  0   0   0   0   0   1   0 
     30921 7  0   0   0   0   0   1   0 
     30961 7  0   0   0   0   0   1   0 
     31001 7  0   0   0   0   0   1   0 
     31041 7  0   0   0   0   0   1   0 
     31081 7  0   0   0   0   0   1   0 
     31121 7  0   0   0   0   0   1   0 
     31161 7  0   0   0   0   0   1   0 
     31201 7  0   0   0   0   0   1   0 
     31241 7  0   0   0   0   0   1   0 
     31281 7  0   0   0   0   0   1   0 
     31321 7  0   0   0   0   0   1   0 
     31361 7  0   0   0   0   0   1   0 
     31401 7  0   0   0   0   0   1   0 
     31441 7  0   0   0   0   0   1   0 
     31481 7  0   0   0   0   0   1   0 
     31521 7  0   0   0   0   0   1   0 
     31561 7  0   0   0   0   0   1   0 
     31601 7  0   0   0   0   0   1   0 
     31641 7  0   0   0   0   0   1   0 
     31681 7  0   0   0   0   0   1   0 
     31721 7  0   0   0   0   0   1   0 
     31761 7  0   0   0   0   0   1   0 
     31801 7  0   0   0   0   0   1   0 
     31841 7  0   0   0   0   0   1   0 
     31881 7  0   0   0   0   0   1   0 
     31921 7  0   0   0   0   0   1   0 
     31961 7  0   0   0   0   0   1   0 
     32001 7  0   0   0   0   0   1   0 
     32041 7  0   0   0   0   0   1   0 
     32081 7  0   0   0   0   0   1   0 
     32121 7  0   0   0   0   0   1   0 
     32161 7  0   0   0   0   0   1   0 
     32201 7  0   0   0   0   0   1   0 
     32241 7  0   0   0   0   0   1   0 
     32281 7  0   0   0   0   0   1   0 
     32321 7  0   0   0   0   0   1   0 
     32361 7  0   0   0   0   0   1   0 
     32401 7  0   0   0   0   0   1   0 
     32441 7  0   0   0   0   0   1   0 
     32481 7  0   0   0   0   0   1   0 
     32521 7  0   0   0   0   0   1   0 
     32561 7  0   0   0   0   0   1   0 
     32601 7  0   0   0   0   0   1   0 
     32641 7  0   0   0   0   0   1   0 
     32681 7  0   0   0   0   0   1   0 
     32721 7  0   0   0   0   0   1   0 
     32761 7  0   0   0   0   0   1   0 
     32801 7  0   0   0   0   0   1   0 
     32841 7  0   0   0   0   0   1   0 
     32881 7  0   0   0   0   0   1   0 
     32921 7  0   0   0   0   0   1   0 
     32961 7  0   0   0   0   0   1   0 
     33001 7  0   0   0   0   0   1   0 
     33041 7  0   0   0   0   0   1   0 
     33081 7  0   0   0   0   0   1   0 
     33121 7  0   0   0   0   0   1   0 
     33161 7  0   0   0   0   0   1   0 
     33201 7  0   0   0   0   0   1   0 
     33241 7  0   0   0   0   0   1   0 
     33281 7  0   0   0   0   0   1   0 
     33321 7  0   0   0   0   0   1   0 
     33361 7  0   0   0   0   0   1   0 
     33401 7  0   0   0   0   0   1   0 
     33441 7  0   0   0   0   0   1   0 
     33481 7  0   0   0   0   0   1   0 
     33521 7  0   0   0   0   0   1   0 
     33561 7  0   0   0   0   0   1   0 
     33601 7  0   0   0   0   0   1   0 
     33641 7  0   0   0   0   0   1   0 
     33681 7  0   0   0   0   0   1   0 
     33721 7  0   0   0   0   0   1   0 
     33761 7  0   0   0   0   0   1   0 
     33801 7  0   0   0   0   0   1   0 
     33841 7  0   0   0   0   0   1   0 
     33881 7  0   0   0   0   0   1   0 
     33921 7  0   0   0   0   0   1   0 
     33961 7  0   0   0   0   0   1   0 
     34001 7  0   0   0   0   0   1   0 
     34041 7  0   0   0   0   0   1   0 
     34081 7  0   0   0   0   0   1   0 
     34121 7  0   0   0   0   0   1   0 
     34161 7  0   0   0   0   0   1   0 
     34201 7  0   0   0   0   0   1   0 
     34241 7  0   0   0   0   0   1   0 
     34281 7  0   0   0   0   0   1   0 
     34321 7  0   0   0   0   0   1   0 
     34361 7  0   0   0   0   0   1   0 
     34401 7  0   0   0   0   0   1   0 
     34441 7  0   0   0   0   0   1   0 
     34481 7  0   0   0   0   0   1   0 
     34521 7  0   0   0   0   0   1   0 
     34561 7  0   0   0   0   0   1   0 
     34601 7  0   0   0   0   0   1   0 
     34641 7  0   0   0   0   0   1   0 
     34681 7  0   0   0   0   0   1   0 
     34721 7  0   0   0   0   0   1   0 
     34761 7  0   0   0   0   0   1   0 
     34801 7  0   0   0   0   0   1   0 
     34841 7  0   0   0   0   0   1   0 
     34881 7  0   0   0   0   0   1   0 
     34921 7  0   0   0   0   0   1   0 
     34961 7  0   0   0   0   0   1   0 
     35001 7  0   0   0   0   0   1   0 
     35041 7  0   0   0   0   0   1   0 
     35081 7  0   0   0   0   0   1   0 
     35121 7  0   0   0   0   0   1   0 
     35161 7  0   0   0   0   0   1   0 
     35201 7  0   0   0   0   0   1   0 
     35241 7  0   0   0   0   0   1   0 
     35281 7  0   0   0   0   0   1   0 
     35321 7  0   0   0   0   0   1   0 
     35361 7  0   0   0   0   0   1   0 
     35401 7  0   0   0   0   0   1   0 
     35441 7  0   0   0   0   0   1   0 
     35481 7  0   0   0   0   0   1   0 
     35521 7  0   0   0   0   0   1   0 
     35561 7  0   0   0   0   0   1   0 
     35601 7  0   0   0   0   0   1   0 
     35641 7  0   0   0   0   0   1   0 
     35681 7  0   0   0   0   0   1   0 
     35721 7  0   0   0   0   0   1   0 
     35761 7  0   0   0   0   0   1   0 
     35801 7  0   0   0   0   0   1   0 
     35841 7  0   0   0   0   0   1   0 
     35881 7  0   0   0   0   0   1   0 
     35921 7  0   0   0   0   0   1   0 
     35961 7  0   0   0   0   0   1   0 
     36001 7  0   0   0   0   0   1   0 
     36041 7  0   0   0   0   0   1   0 
     36081 7  0   0   0   0   0   1   0 
     36121 7  0   0   0   0   0   1   0 
     36161 7  0   0   0   0   0   1   0 
     36201 7  0   0   0   0   0   1   0 
     36241 7  0   0   0   0   0   1   0 
     36281 7  0   0   0   0   0   1   0 
     36321 7  0   0   0   0   0   1   0 
     36361 7  0   0   0   0   0   1   0 
     36401 7  0   0   0   0   0   1   0 
     36441 7  0   0   0   0   0   1   0 
     36481 7  0   0   0   0   0   1   0 
     36521 7  0   0   0   0   0   1   0 
     36561 7  0   0   0   0   0   1   0 
     36601 7  0   0   0   0   0   1   0 
     36641 7  0   0   0   0   0   1   0 
     36681 7  0   0   0   0   0   1   0 
     36721 7  0   0   0   0   0   1   0 
     36761 7  0   0   0   0   0   1   0 
     36801 7  0   0   0   0   0   1   0 
     36841 7  0   0   0   0   0   1   0 
     36881 7  0   0   0   0   0   1   0 
     36921 7  0   0   0   0   0   1   0 
     36961 7  0   0   0   0   0   1   0 
     37001 7  0   0   0   0   0   1   0 
     37041 7  0   0   0   0   0   1   0 
     37081 7  0   0   0   0   0   1   0 
     37121 7  0   0   0   0   0   1   0 
     37161 7  0   0   0   0   0   1   0 
     37201 7  0   0   0   0   0   1   0 
     37241 7  0   0   0   0   0   1   0 
     37281 7  0   0   0   0   0   1   0 
     37321 7  0   0   0   0   0   1   0 
     37361 7  0   0   0   0   0   1   0 
     37401 7  0   0   0   0   0   1   0 
     37441 7  0   0   0   0   0   1   0 
     37481 7  0   0   0   0   0   1   0 
     37521 7  0   0   0   0   0   1   0 
     37561 7  0   0   0   0   0   1   0 
     37601 7  0   0   0   0   0   1   0 
     37641 7  0   0   0   0   0   1   0 
     37681 7  0   0   0   0   0   1   0 
     37721 7  0   0   0   0   0   1   0 
     37761 7  0   0   0   0   0   1   0 
     37801 7  0   0   0   0   0   1   0 
     37841 7  0   0   0   0   0   1   0 
     37881 7  0   0   0   0   0   1   0 
     37921 7  0   0   0   0   0   1   0 
     37961 7  0   0   0   0   0   1   0 
     38001 7  0   0   0   0   0   1   0 
     38041 7  0   0   0   0   0   1   0 
     38081 7  0   0   0   0   0   1   0 
     38121 7  0   0   0   0   0   1   0 
     38161 7  0   0   0   0   0   1   0 
     38201 7  0   0   0   0   0   1   0 
     38241 7  0   0   0   0   0   1   0 
     38281 7  0   0   0   0   0   1   0 
     38321 7  0   0   0   0   0   1   0 
     38361 7  0   0   0   0   0   1   0 
     38401 7  0   0   0   0   0   1   0 
     38441 7  0   0   0   0   0   1   0 
     38481 7  0   0   0   0   0   1   0 
     38521 7  0   0   0   0   0   1   0 
     38561 7  0   0   0   0   0   1   0 
     38601 7  0   0   0   0   0   1   0 
     38641 7  0   0   0   0   0   1   0 
     38681 7  0   0   0   0   0   1   0 
     38721 7  0   0   0   0   0   1   0 
     38761 7  0   0   0   0   0   1   0 
     38801 7  0   0   0   0   0   1   0 
     38841 7  0   0   0   0   0   1   0 
     38881 7  0   0   0   0   0   1   0 
     38921 7  0   0   0   0   0   1   0 
     38961 7  0   0   0   0   0   1   0 
     39001 7  0   0   0   0   0   1   0 
     39041 7  0   0   0   0   0   1   0 
     39081 7  0   0   0   0   0   1   0 
     39121 7  0   0   0   0   0   1   0 
     39161 7  0   0   0   0   0   1   0 
     39201 7  0   0   0   0   0   1   0 
     39241 7  0   0   0   0   0   1   0 
     39281 7  0   0   0   0   0   1   0 
     39321 7  0   0   0   0   0   1   0 
     39361 7  0   0   0   0   0   1   0 
     39401 7  0   0   0   0   0   1   0 
     39441 7  0   0   0   0   0   1   0 
     39481 7  0   0   0   0   0   1   0 
     39521 7  0   0   0   0   0   1   0 
     39561 7  0   0   0   0   0   1   0 
     39601 7  0   0   0   0   0   1   0 
     39641 7  0   0   0   0   0   1   0 
     39681 7  0   0   0   0   0   1   0 
     39721 7  0   0   0   0   0   1   0 
     39761 7  0   0   0   0   0   1   0 
     39801 7  0   0   0   0   0   1   0 
     39841 7  0   0   0   0   0   1   0 
     39881 7  0   0   0   0   0   1   0 
     39921 7  0   0   0   0   0   1   0 
     39961 7  0   0   0   0   0   1   0 
     40001 7  0   0   0   0   0   1   0 
     40041 7  0   0   0   0   0   1   0 
     40081 7  0   0   0   0   0   1   0 
     40121 7  0   0   0   0   0   1   0 
     40161 7  0   0   0   0   0   1   0 
     40201 7  0   0   0   0   0   1   0 
     40241 7  0   0   0   0   0   1   0 
     40281 7  0   0   0   0   0   1   0 
     40321 7  0   0   0   0   0   1   0 
     40361 7  0   0   0   0   0   1   0 
     40401 7  0   0   0   0   0   1   0 
     40441 7  0   0   0   0   0   1   0 
     40481 7  0   0   0   0   0   1   0 
     40521 7  0   0   0   0   0   1   0 
     40561 7  0   0   0   0   0   1   0 
     40601 7  0   0   0   0   0   1   0 
     40641 7  0   0   0   0   0   1   0 
     40681 7  0   0   0   0   0   1   0 
     40721 7  0   0   0   0   0   1   0 
     40761 7  0   0   0   0   0   1   0 
     40801 7  0   0   0   0   0   1   0 
     40841 7  0   0   0   0   0   1   0 
     40881 7  0   0   0   0   0   1   0 
     40921 7  0   0   0   0   0   1   0 
     40961 7  0   0   0   0   0   1   0 
     41001 7  0   0   0   0   0   1   0 
     41041 7  0   0   0   0   0   1   0 
     41081 7  0   0   0   0   0   1   0 
     41121 7  0   0   0   0   0   1   0 
     41161 7  0   0   0   0   0   1   0 
     41201 7  0   0   0   0   0   1   0 
     41241 7  0   0   0   0   0   1   0 
     41281 7  0   0   0   0   0   1   0 
     41321 7  0   0   0   0   0   1   0 
     41361 7  0   0   0   0   0   1   0 
     41401 7  0   0   0   0   0   1   0 
     41441 7  0   0   0   0   0   1   0 
     41481 7  0   0   0   0   0   1   0 
     41521 7  0   0   0   0   0   1   0 
     41561 7  0   0   0   0   0   1   0 
     41601 7  0   0   0   0   0   1   0 
     41641 7  0   0   0   0   0   1   0 
     41681 7  0   0   0   0   0   1   0 
     41721 7  0   0   0   0   0   1   0 
     41761 7  0   0   0   0   0   1   0 
     41801 7  0   0   0   0   0   1   0 
     41841 7  0   0   0   0   0   1   0 
     41881 7  0   0   0   0   0   1   0 
     41921 7  0   0   0   0   0   1   0 
     41961 7  0   0   0   0   0   1   0 
     42001 7  0   0   0   0   0   1   0 
     42041 7  0   0   0   0   0   1   0 
     42081 7  0   0   0   0   0   1   0 
     42121 7  0   0   0   0   0   1   0 
     42161 7  0   0   0   0   0   1   0 
     42201 7  0   0   0   0   0   1   0 
     42241 7  0   0   0   0   0   1   0 
     42281 7  0   0   0   0   0   1   0 
     42321 7  0   0   0   0   0   1   0 
     42361 7  0   0   0   0   0   1   0 
     42401 7  0   0   0   0   0   1   0 
     42441 7  0   0   0   0   0   1   0 
     42481 7  0   0   0   0   0   1   0 
     42521 7  0   0   0   0   0   1   0 
     42561 7  0   0   0   0   0   1   0 
     42601 7  0   0   0   0   0   1   0 
     42641 7  0   0   0   0   0   1   0 
     42681 7  0   0   0   0   0   1   0 
     42721 7  0   0   0   0   0   1   0 
     42761 7  0   0   0   0   0   1   0 
     42801 7  0   0   0   0   0   1   0 
     42841 7  0   0   0   0   0   1   0 
     42881 7  0   0   0   0   0   1   0 
     42921 7  0   0   0   0   0   1   0 
     42961 7  0   0   0   0   0   1   0 
     43001 7  0   0   0   0   0   1   0 
     43041 7  0   0   0   0   0   1   0 
     43081 7  0   0   0   0   0   1   0 
     43121 7  0   0   0   0   0   1   0 
     43161 7  0   0   0   0   0   1   0 
     43201 7  0   0   0   0   0   1   0 
     43241 7  0   0   0   0   0   1   0 
     43281 7  0   0   0   0   0   1   0 
     43321 7  0   0   0   0   0   1   0 
     43361 7  0   0   0   0   0   1   0 
     43401 7  0   0   0   0   0   1   0 
     43441 7  0   0   0   0   0   1   0 
     43481 7  0   0   0   0   0   1   0 
     43521 7  0   0   0   0   0   1   0 
     43561 7  0   0   0   0   0   1   0 
     43601 7  0   0   0   0   0   1   0 
     43641 7  0   0   0   0   0   1   0 
     43681 7  0   0   0   0   0   1   0 
     43721 7  0   0   0   0   0   1   0 
     43761 7  0   0   0   0   0   1   0 
     43801 7  0   0   0   0   0   1   0 
     43841 7  0   0   0   0   0   1   0 
     43881 7  0   0   0   0   0   1   0 
     43921 7  0   0   0   0   0   1   0 
     43961 7  0   0   0   0   0   1   0 
     44001 7  0   0   0   0   0   1   0 
     44041 7  0   0   0   0   0   1   0 
     44081 7  0   0   0   0   0   1   0 
     44121 7  0   0   0   0   0   1   0 
     44161 7  0   0   0   0   0   1   0 
     44201 7  0   0   0   0   0   1   0 
     44241 7  0   0   0   0   0   1   0 
     44281 7  0   0   0   0   0   1   0 
     44321 7  0   0   0   0   0   1   0 
     44361 7  0   0   0   0   0   1   0 
     44401 7  0   0   0   0   0   1   0 
     44441 7  0   0   0   0   0   1   0 
     44481 7  0   0   0   0   0   1   0 
     44521 7  0   0   0   0   0   1   0 
     44561 7  0   0   0   0   0   1   0 
     44601 7  0   0   0   0   0   1   0 
     44641 7  0   0   0   0   0   1   0 
     44681 7  0   0   0   0   0   1   0 
     44721 7  0   0   0   0   0   1   0 
     44761 7  0   0   0   0   0   1   0 
     44801 7  0   0   0   0   0   1   0 
     44841 7  0   0   0   0   0   1   0 
     44881 7  0   0   0   0   0   1   0 
     44921 7  0   0   0   0   0   1   0 
     44961 7  0   0   0   0   0   1   0 
     45001 7  0   0   0   0   0   1   0 
     45041 7  0   0   0   0   0   1   0 
     45081 7  0   0   0   0   0   1   0 
     45121 7  0   0   0   0   0   1   0 
     45161 7  0   0   0   0   0   1   0 
     45201 7  0   0   0   0   0   1   0 
     45241 7  0   0   0   0   0   1   0 
     45281 7  0   0   0   0   0   1   0 
     45321 7  0   0   0   0   0   1   0 
     45361 7  0   0   0   0   0   1   0 
     45401 7  0   0   0   0   0   1   0 
     45441 7  0   0   0   0   0   1   0 
     45481 7  0   0   0   0   0   1   0 
     45521 7  0   0   0   0   0   1   0 
     45561 7  0   0   0   0   0   1   0 
     45601 7  0   0   0   0   0   1   0 
     45641 7  0   0   0   0   0   1   0 
     45681 7  0   0   0   0   0   1   0 
     45721 7  0   0   0   0   0   1   0 
     45761 7  0   0   0   0   0   1   0 
     45801 7  0   0   0   0   0   1   0 
     45841 7  0   0   0   0   0   1   0 
     45881 7  0   0   0   0   0   1   0 
     45921 7  0   0   0   0   0   1   0 
     45961 7  0   0   0   0   0   1   0 
     46001 7  0   0   0   0   0   1   0 
     46041 7  0   0   0   0   0   1   0 
     46081 7  0   0   0   0   0   1   0 
     46121 7  0   0   0   0   0   1   0 
     46161 7  0   0   0   0   0   1   0 
     46201 7  0   0   0   0   0   1   0 
     46241 7  0   0   0   0   0   1   0 
     46281 7  0   0   0   0   0   1   0 
     46321 7  0   0   0   0   0   1   0 
     46361 7  0   0   0   0   0   1   0 
     46401 7  0   0   0   0   0   1   0 
     46441 7  0   0   0   0   0   1   0 
     46481 7  0   0   0   0   0   1   0 
     46521 7  0   0   0   0   0   1   0 
     46561 7  0   0   0   0   0   1   0 
     46601 7  0   0   0   0   0   1   0 
     46641 7  0   0   0   0   0   1   0 
     46681 7  0   0   0   0   0   1   0 
     46721 7  0   0   0   0   0   1   0 
     46761 7  0   0   0   0   0   1   0 
     46801 7  0   0   0   0   0   1   0 
     46841 7  0   0   0   0   0   1   0 
     46881 7  0   0   0   0   0   1   0 
     46921 7  0   0   0   0   0   1   0 
     46961 7  0   0   0   0   0   1   0 
     47001 7  0   0   0   0   0   1   0 
     47041 7  0   0   0   0   0   1   0 
     47081 7  0   0   0   0   0   1   0 
     47121 7  0   0   0   0   0   1   0 
     47161 7  0   0   0   0   0   1   0 
     47201 7  0   0   0   0   0   1   0 
     47241 7  0   0   0   0   0   1   0 
     47281 7  0   0   0   0   0   1   0 
     47321 7  0   0   0   0   0   1   0 
     47361 7  0   0   0   0   0   1   0 
     47401 7  0   0   0   0   0   1   0 
     47441 7  0   0   0   0   0   1   0 
     47481 7  0   0   0   0   0   1   0 
     47521 7  0   0   0   0   0   1   0 
     47561 7  0   0   0   0   0   1   0 
     47601 7  0   0   0   0   0   1   0 
     47641 7  0   0   0   0   0   1   0 
     47681 7  0   0   0   0   0   1   0 
     47721 7  0   0   0   0   0   1   0 
     47761 7  0   0   0   0   0   1   0 
     47801 7  0   0   0   0   0   1   0 
     47841 7  0   0   0   0   0   1   0 
     47881 7  0   0   0   0   0   1   0 
     47921 7  0   0   0   0   0   1   0 
     47961 7  0   0   0   0   0   1   0 
     48001 7  0   0   0   0   0   1   0 
     48041 7  0   0   0   0   0   1   0 
     48081 7  0   0   0   0   0   1   0 
     48121 7  0   0   0   0   0   1   0 
     48161 7  0   0   0   0   0   1   0 
     48201 7  0   0   0   0   0   1   0 
     48241 7  0   0   0   0   0   1   0 
     48281 7  0   0   0   0   0   1   0 
     48321 7  0   0   0   0   0   1   0 
     48361 7  0   0   0   0   0   1   0 
     48401 7  0   0   0   0   0   1   0 
     48441 7  0   0   0   0   0   1   0 
     48481 7  0   0   0   0   0   1   0 
     48521 7  0   0   0   0   0   1   0 
     48561 7  0   0   0   0   0   1   0 
     48601 7  0   0   0   0   0   1   0 
     48641 7  0   0   0   0   0   1   0 
     48681 7  0   0   0   0   0   1   0 
     48721 7  0   0   0   0   0   1   0 
     48761 7  0   0   0   0   0   1   0 
     48801 7  0   0   0   0   0   1   0 
     48841 7  0   0   0   0   0   1   0 
     48881 7  0   0   0   0   0   1   0 
     48921 7  0   0   0   0   0   1   0 
     48961 7  0   0   0   0   0   1   0 
     49001 7  0   0   0   0   0   1   0 
     49041 7  0   0   0   0   0   1   0 
     49081 7  0   0   0   0   0   1   0 
     49121 7  0   0   0   0   0   1   0 
     49161 7  0   0   0   0   0   1   0 
     49201 7  0   0   0   0   0   1   0 
     49241 7  0   0   0   0   0   1   0 
     49281 7  0   0   0   0   0   1   0 
     49321 7  0   0   0   0   0   1   0 
     49361 7  0   0   0   0   0   1   0 
     49401 7  0   0   0   0   0   1   0 
     49441 7  0   0   0   0   0   1   0 
     49481 7  0   0   0   0   0   1   0 
     49521 7  0   0   0   0   0   1   0 
     49561 7  0   0   0   0   0   1   0 
     49601 7  0   0   0   0   0   1   0 
     49641 7  0   0   0   0   0   1   0 
     49681 7  0   0   0   0   0   1   0 
     49721 7  0   0   0   0   0   1   0 
     49761 7  0   0   0   0   0   1   0 
     49801 7  0   0   0   0   0   1   0 
     49841 7  0   0   0   0   0   1   0 
     49881 7  0   0   0   0   0   1   0 
     49921 7  0   0   0   0   0   1   0 
     49961 7  0   0   0   0   0   1   0 
     50001 7  0   0   0   0   0   1   0 
     50041 7  0   0   0   0   0   1   0 
     50081 7  0   0   0   0   0   1   0 
     50121 7  0   0   0   0   0   1   0 
     50161 7  0   0   0   0   0   1   0 
     50201 7  0   0   0   0   0   1   0 
     50241 7  0   0   0   0   0   1   0 
     50281 7  0   0   0   0   0   1   0 
     50321 7  0   0   0   0   0   1   0 
     50361 7  0   0   0   0   0   1   0 
     50401 7  0   0   0   0   0   1   0 
     50441 7  0   0   0   0   0   1   0 
     50481 7  0   0   0   0   0   1   0 
     50521 7  0   0   0   0   0   1   0 
     50561 7  0   0   0   0   0   1   0 
     50601 7  0   0   0   0   0   1   0 
     50641 7  0   0   0   0   0   1   0 
     50681 7  0   0   0   0   0   1   0 
     50721 7  0   0   0   0   0   1   0 
     50761 7  0   0   0   0   0   1   0 
     50801 7  0   0   0   0   0   1   0 
     50841 7  0   0   0   0   0   1   0 
     50881 7  0   0   0   0   0   1   0 
     50921 7  0   0   0   0   0   1   0 
     50961 7  0   0   0   0   0   1   0 
     51001 7  0   0   0   0   0   1   0 
     51041 7  0   0   0   0   0   1   0 
     51081 7  0   0   0   0   0   1   0 
     51121 7  0   0   0   0   0   1   0 
     51161 7  0   0   0   0   0   1   0 
     51201 7  0   0   0   0   0   1   0 
     51241 7  0   0   0   0   0   1   0 
     51281 7  0   0   0   0   0   1   0 
     51321 7  0   0   0   0   0   1   0 
     51361 7  0   0   0   0   0   1   0 
     51401 7  0   0   0   0   0   1   0 
     51441 7  0   0   0   0   0   1   0 
     51481 7  0   0   0   0   0   1   0 
     51521 7  0   0   0   0   0   1   0 
     51561 7  0   0   0   0   0   1   0 
     51601 7  0   0   0   0   0   1   0 
     51641 7  0   0   0   0   0   1   0 
     51681 7  0   0   0   0   0   1   0 
     51721 7  0   0   0   0   0   1   0 
     51761 7  0   0   0   0   0   1   0 
     51801 7  0   0   0   0   0   1   0 
     51841 7  0   0   0   0   0   1   0 
     51881 7  0   0   0   0   0   1   0 
     51921 7  0   0   0   0   0   1   0 
     51961 7  0   0   0   0   0   1   0 
     52001 7  0   0   0   0   0   1   0 
     52041 7  0   0   0   0   0   1   0 
     52081 7  0   0   0   0   0   1   0 
     52121 7  0   0   0   0   0   1   0 
     52161 7  0   0   0   0   0   1   0 
     52201 7  0   0   0   0   0   1   0 
     52241 7  0   0   0   0   0   1   0 
     52281 7  0   0   0   0   0   1   0 
     52321 7  0   0   0   0   0   1   0 
     52361 7  0   0   0   0   0   1   0 
     52401 7  0   0   0   0   0   1   0 
     52441 7  0   0   0   0   0   1   0 
     52481 7  0   0   0   0   0   1   0 
     52521 7  0   0   0   0   0   1   0 
     52561 7  0   0   0   0   0   1   0 
     52601 7  0   0   0   0   0   1   0 
     52641 7  0   0   0   0   0   1   0 
     52681 7  0   0   0   0   0   1   0 
     52721 7  0   0   0   0   0   1   0 
     52761 7  0   0   0   0   0   1   0 
     52801 7  0   0   0   0   0   1   0 
     52841 7  0   0   0   0   0   1   0 
     52881 7  0   0   0   0   0   1   0 
     52921 7  0   0   0   0   0   1   0 
     52961 7  0   0   0   0   0   1   0 
     53001 7  0   0   0   0   0   1   0 
     53041 7  0   0   0   0   0   1   0 
     53081 7  0   0   0   0   0   1   0 
     53121 7  0   0   0   0   0   1   0 
     53161 7  0   0   0   0   0   1   0 
     53201 7  0   0   0   0   0   1   0 
     53241 7  0   0   0   0   0   1   0 
     53281 7  0   0   0   0   0   1   0 
     53321 7  0   0   0   0   0   1   0 
     53361 7  0   0   0   0   0   1   0 
     53401 7  0   0   0   0   0   1   0 
     53441 7  0   0   0   0   0   1   0 
     53481 7  0   0   0   0   0   1   0 
     53521 7  0   0   0   0   0   1   0 
     53561 7  0   0   0   0   0   1   0 
     53601 7  0   0   0   0   0   1   0 
     53641 7  0   0   0   0   0   1   0 
     53681 7  0   0   0   0   0   1   0 
     53721 7  0   0   0   0   0   1   0 
     53761 7  0   0   0   0   0   1   0 
     53801 7  0   0   0   0   0   1   0 
     53841 7  0   0   0   0   0   1   0 
     53881 7  0   0   0   0   0   1   0 
     53921 7  0   0   0   0   0   1   0 
     53961 7  0   0   0   0   0   1   0 
     54001 7  0   0   0   0   0   1   0 
     54041 7  0   0   0   0   0   1   0 
     54081 7  0   0   0   0   0   1   0 
     54121 7  0   0   0   0   0   1   0 
     54161 7  0   0   0   0   0   1   0 
     54201 7  0   0   0   0   0   1   0 
     54241 7  0   0   0   0   0   1   0 
     54281 7  0   0   0   0   0   1   0 
     54321 7  0   0   0   0   0   1   0 
     54361 7  0   0   0   0   0   1   0 
     54401 7  0   0   0   0   0   1   0 
     54441 7  0   0   0   0   0   1   0 
     54481 7  0   0   0   0   0   1   0 
     54521 7  0   0   0   0   0   1   0 
     54561 7  0   0   0   0   0   1   0 
     54601 7  0   0   0   0   0   1   0 
     54641 7  0   0   0   0   0   1   0 
     54681 7  0   0   0   0   0   1   0 
     54721 7  0   0   0   0   0   1   0 
     54761 7  0   0   0   0   0   1   0 
     54801 7  0   0   0   0   0   1   0 
     54841 7  0   0   0   0   0   1   0 
     54881 7  0   0   0   0   0   1   0 
     54921 7  0   0   0   0   0   1   0 
     54961 7  0   0   0   0   0   1   0 
     55001 7  0   0   0   0   0   1   0 
     55041 7  0   0   0   0   0   1   0 
     55081 7  0   0   0   0   0   1   0 
     55121 7  0   0   0   0   0   1   0 
     55161 7  0   0   0   0   0   1   0 
     55201 7  0   0   0   0   0   1   0 
     55241 7  0   0   0   0   0   1   0 
     55281 7  0   0   0   0   0   1   0 
     55321 7  0   0   0   0   0   1   0 
     55361 7  0   0   0   0   0   1   0 
     55401 7  0   0   0   0   0   1   0 
     55441 7  0   0   0   0   0   1   0 
     55481 7  0   0   0   0   0   1   0 
     55521 7  0   0   0   0   0   1   0 
     55561 7  0   0   0   0   0   1   0 
     55601 7  0   0   0   0   0   1   0 
     55641 7  0   0   0   0   0   1   0 
     55681 7  0   0   0   0   0   1   0 
     55721 7  0   0   0   0   0   1   0 
     55761 7  0   0   0   0   0   1   0 
     55801 7  0   0   0   0   0   1   0 
     55841 7  0   0   0   0   0   1   0 
     55881 7  0   0   0   0   0   1   0 
     55921 7  0   0   0   0   0   1   0 
     55961 7  0   0   0   0   0   1   0 
     56001 7  0   0   0   0   0   1   0 
     56041 7  0   0   0   0   0   1   0 
     56081 7  0   0   0   0   0   1   0 
     56121 7  0   0   0   0   0   1   0 
     56161 7  0   0   0   0   0   1   0 
     56201 7  0   0   0   0   0   1   0 
     56241 7  0   0   0   0   0   1   0 
     56281 7  0   0   0   0   0   1   0 
     56321 7  0   0   0   0   0   1   0 
     56361 7  0   0   0   0   0   1   0 
     56401 7  0   0   0   0   0   1   0 
     56441 7  0   0   0   0   0   1   0 
     56481 7  0   0   0   0   0   1   0 
     56521 7  0   0   0   0   0   1   0 
     56561 7  0   0   0   0   0   1   0 
     56601 7  0   0   0   0   0   1   0 
     56641 7  0   0   0   0   0   1   0 
     56681 7  0   0   0   0   0   1   0 
     56721 7  0   0   0   0   0   1   0 
     56761 7  0   0   0   0   0   1   0 
     56801 7  0   0   0   0   0   1   0 
     56841 7  0   0   0   0   0   1   0 
     56881 7  0   0   0   0   0   1   0 
     56921 7  0   0   0   0   0   1   0 
     56961 7  0   0   0   0   0   1   0 
     57001 7  0   0   0   0   0   1   0 
     57041 7  0   0   0   0   0   1   0 
     57081 7  0   0   0   0   0   1   0 
     57121 7  0   0   0   0   0   1   0 
     57161 7  0   0   0   0   0   1   0 
     57201 7  0   0   0   0   0   1   0 
     57241 7  0   0   0   0   0   1   0 
     57281 7  0   0   0   0   0   1   0 
     57321 7  0   0   0   0   0   1   0 
     57361 7  0   0   0   0   0   1   0 
     57401 7  0   0   0   0   0   1   0 
     57441 7  0   0   0   0   0   1   0 
     57481 7  0   0   0   0   0   1   0 
     57521 7  0   0   0   0   0   1   0 
     57561 7  0   0   0   0   0   1   0 
     57601 7  0   0   0   0   0   1   0 
     57641 7  0   0   0   0   0   1   0 
     57681 7  0   0   0   0   0   1   0 
     57721 7  0   0   0   0   0   1   0 
     57761 7  0   0   0   0   0   1   0 
     57801 7  0   0   0   0   0   1   0 
     57841 7  0   0   0   0   0   1   0 
     57881 7  0   0   0   0   0   1   0 
     57921 7  0   0   0   0   0   1   0 
     57961 7  0   0   0   0   0   1   0 
     58001 7  0   0   0   0   0   1   0 
     58041 7  0   0   0   0   0   1   0 
     58081 7  0   0   0   0   0   1   0 
     58121 7  0   0   0   0   0   1   0 
     58161 7  0   0   0   0   0   1   0 
     58201 7  0   0   0   0   0   1   0 
     58241 7  0   0   0   0   0   1   0 
     58281 7  0   0   0   0   0   1   0 
     58321 7  0   0   0   0   0   1   0 
     58361 7  0   0   0   0   0   1   0 
     58401 7  0   0   0   0   0   1   0 
     58441 7  0   0   0   0   0   1   0 
     58481 7  0   0   0   0   0   1   0 
     58521 7  0   0   0   0   0   1   0 
     58561 7  0   0   0   0   0   1   0 
     58601 7  0   0   0   0   0   1   0 
     58641 7  0   0   0   0   0   1   0 
     58681 7  0   0   0   0   0   1   0 
     58721 7  0   0   0   0   0   1   0 
     58761 7  0   0   0   0   0   1   0 
     58801 7  0   0   0   0   0   1   0 
     58841 7  0   0   0   0   0   1   0 
     58881 7  0   0   0   0   0   1   0 
     58921 7  0   0   0   0   0   1   0 
     58961 7  0   0   0   0   0   1   0 
     59001 7  0   0   0   0   0   1   0 
     59041 7  0   0   0   0   0   1   0 
     59081 7  0   0   0   0   0   1   0 
     59121 7  0   0   0   0   0   1   0 
     59161 7  0   0   0   0   0   1   0 
     59201 7  0   0   0   0   0   1   0 
     59241 7  0   0   0   0   0   1   0 
     59281 7  0   0   0   0   0   1   0 
     59321 7  0   0   0   0   0   1   0 
     59361 7  0   0   0   0   0   1   0 
     59401 7  0   0   0   0   0   1   0 
     59441 7  0   0   0   0   0   1   0 
     59481 7  0   0   0   0   0   1   0 
     59521 7  0   0   0   0   0   1   0 
     59561 7  0   0   0   0   0   1   0 
     59601 7  0   0   0   0   0   1   0 
     59641 7  0   0   0   0   0   1   0 
     59681 7  0   0   0   0   0   1   0 
     59721 7  0   0   0   0   0   1   0 
     59761 7  0   0   0   0   0   1   0 
     59801 7  0   0   0   0   0   1   0 
     59841 7  0   0   0   0   0   1   0 
     59881 7  0   0   0   0   0   1   0 
     59921 7  0   0   0   0   0   1   0 
     59961 7  0   0   0   0   0   1   0 
     60001 7  0   0   0   0   0   1   0 
     60041 7  0   0   0   0   0   1   0 
     60081 7  0   0   0   0   0   1   0 
     60121 7  0   0   0   0   0   1   0 
     60161 7  0   0   0   0   0   1   0 
     60201 7  0   0   0   0   0   1   0 
     60241 7  0   0   0   0   0   1   0 
     60281 7  0   0   0   0   0   1   0 
     60321 7  0   0   0   0   0   1   0 
     60361 7  0   0   0   0   0   1   0 
     60401 7  0   0   0   0   0   1   0 
     60441 7  0   0   0   0   0   1   0 
     60481 7  0   0   0   0   0   1   0 
     60521 7  0   0   0   0   0   1   0 
     60561 7  0   0   0   0   0   1   0 
     60601 7  0   0   0   0   0   1   0 
     60641 7  0   0   0   0   0   1   0 
     60681 7  0   0   0   0   0   1   0 
     60721 7  0   0   0   0   0   1   0 
     60761 7  0   0   0   0   0   1   0 
     60801 7  0   0   0   0   0   1   0 
     60841 7  0   0   0   0   0   1   0 
     60881 7  0   0   0   0   0   1   0 
     60921 7  0   0   0   0   0   1   0 
     60961 7  0   0   0   0   0   1   0 
     61001 7  0   0   0   0   0   1   0 
     61041 7  0   0   0   0   0   1   0 
     61081 7  0   0   0   0   0   1   0 
     61121 7  0   0   0   0   0   1   0 
     61161 7  0   0   0   0   0   1   0 
     61201 7  0   0   0   0   0   1   0 
     61241 7  0   0   0   0   0   1   0 
     61281 7  0   0   0   0   0   1   0 
     61321 7  0   0   0   0   0   1   0 
     61361 7  0   0   0   0   0   1   0 
     61401 7  0   0   0   0   0   1   0 
     61441 7  0   0   0   0   0   1   0 
     61481 7  0   0   0   0   0   1   0 
     61521 7  0   0   0   0   0   1   0 
     61561 7  0   0   0   0   0   1   0 
     61601 7  0   0   0   0   0   1   0 
     61641 7  0   0   0   0   0   1   0 
     61681 7  0   0   0   0   0   1   0 
     61721 7  0   0   0   0   0   1   0 
     61761 7  0   0   0   0   0   1   0 
     61801 7  0   0   0   0   0   1   0 
     61841 7  0   0   0   0   0   1   0 
     61881 7  0   0   0   0   0   1   0 
     61921 7  0   0   0   0   0   1   0 
     61961 7  0   0   0   0   0   1   0 
     62001 7  0   0   0   0   0   1   0 
     62041 7  0   0   0   0   0   1   0 
     62081 7  0   0   0   0   0   1   0 
     62121 7  0   0   0   0   0   1   0 
     62161 7  0   0   0   0   0   1   0 
     62201 7  0   0   0   0   0   1   0 
     62241 7  0   0   0   0   0   1   0 
     62281 7  0   0   0   0   0   1   0 
     62321 7  0   0   0   0   0   1   0 
     62361 7  0   0   0   0   0   1   0 
     62401 7  0   0   0   0   0   1   0 
     62441 7  0   0   0   0   0   1   0 
     62481 7  0   0   0   0   0   1   0 
     62521 7  0   0   0   0   0   1   0 
     62561 7  0   0   0   0   0   1   0 
     62601 7  0   0   0   0   0   1   0 
     62641 7  0   0   0   0   0   1   0 
     62681 7  0   0   0   0   0   1   0 
     62721 7  0   0   0   0   0   1   0 
     62761 7  0   0   0   0   0   1   0 
     62801 7  0   0   0   0   0   1   0 
     62841 7  0   0   0   0   0   1   0 
     62881 7  0   0   0   0   0   1   0 
     62921 7  0   0   0   0   0   1   0 
     62961 7  0   0   0   0   0   1   0 
     63001 7  0   0   0   0   0   1   0 
     63041 7  0   0   0   0   0   1   0 
     63081 7  0   0   0   0   0   1   0 
     63121 7  0   0   0   0   0   1   0 
     63161 7  0   0   0   0   0   1   0 
     63201 7  0   0   0   0   0   1   0 
     63241 7  0   0   0   0   0   1   0 
     63281 7  0   0   0   0   0   1   0 
     63321 7  0   0   0   0   0   1   0 
     63361 7  0   0   0   0   0   1   0 
     63401 7  0   0   0   0   0   1   0 
     63441 7  0   0   0   0   0   1   0 
     63481 7  0   0   0   0   0   1   0 
     63521 7  0   0   0   0   0   1   0 
     63561 7  0   0   0   0   0   1   0 
     63601 7  0   0   0   0   0   1   0 
     63641 7  0   0   0   0   0   1   0 
     63681 7  0   0   0   0   0   1   0 
     63721 7  0   0   0   0   0   1   0 
     63761 7  0   0   0   0   0   1   0 
     63801 7  0   0   0   0   0   1   0 
     63841 7  0   0   0   0   0   1   0 
     63881 7  0   0   0   0   0   1   0 
     63921 7  0   0   0   0   0   1   0 
     63961 7  0   0   0   0   0   1   0 
endFaceResVel
return